A	B
2.8162525463454435	5.0320415582480535
1.3203433537673426	4.1890747445989875
2.445715164074719	4.247966464271473
1.6627674964367833	5.685939182606703
0.154697269307299	6.151744013895724
2.5231965697761605	8.05401433477677
4.2992690879956115	4.478057214720343
2.1492674587004545	5.9790009007980105
0.050845099323980625	7.64739573012529
2.056977961705356	5.134061709063742
1.3735872885581708	8.021618445319948
2.1154048111606434	7.689582151798461
1.5173402390424413	6.721279325418416
1.6472571629798356	5.017467700820234
3.8727179665295823	8.064688701863261
3.0669607146988467	8.00840228878213
4.7330402440287	6.600643747995406
1.5407982709154722	5.101814484201144
3.8752098427482213	7.146465303504478
0.6118960492730185	8.632024725945982
1.0532493730881554	5.33572577695069
3.088397963652185	4.162246333671334
3.9877614579732206	6.02797067034221
0.9769591948428907	4.688987569269661
2.4518049593963642	4.871413968984348
2.025862821677322	8.799620939631893
1.6516466018963272	8.431302418769604
4.210430342146597	5.097458171094122
2.9223549972555785	6.318385357670811
4.8686155521062116	5.373209698861235
1.2872679254508705	4.178364149604966
1.1742028713605712	8.867481131138653
4.381635984347511	5.96548883660674
2.2535931483062925	5.565698619661518
2.759733021089792	6.198882495754299
2.511723905309127	4.241699823974402
1.8040398550522947	6.848133013774593
1.7331253242642886	6.67787613006126
2.908974137133388	5.256269081758657
3.104534121179775	7.320960054287333
4.954772588342159	8.031874783626353
4.2684875215172475	5.882262753858191
2.238956058379496	6.654129138824173
2.7862343736533006	5.744176873408046
1.1239943035371003	7.931444076554172
0.6381223425720217	5.568008711462992
4.287105639781804	8.543417960934468
1.384264243412558	8.116234718643465
0.43474657127957395	5.729091857200702
0.6973094254245926	5.8952525066490455
2.9738683419351086	5.673641563937725
4.574796020733383	8.215078531225215
3.060081443143266	8.308674222058702
0.6805078983373114	4.619321572220138
0.5242609079231542	7.301475847135196
0.7372155707708572	4.975308092474173
2.72462381840538	7.970873083555582
0.37775049702739816	7.2848482293256165
2.678644335800158	4.6426242581999855
1.1093891258628013	7.540604678634255
2.180861945339156	8.285655260051232
2.187965300024252	4.090551169830491
0.2247999013676849	5.775532739352279
1.5456866022210907	6.566894325894317
1.218774552923867	6.444023755924203
3.1695664433813238	6.631140688459986
0.45326796493943333	4.451702674025898
0.18743291165706777	5.614484846214673
3.4122884702349854	4.575772338241324
1.975204772830642	5.707414233671244
2.0874663820104016	5.892804966068289
1.725834076540369	5.5638252399180725
2.9860464857158613	5.642898510695247
2.2091288224895917	5.989572261546688
2.7567764180768926	6.198802775850808
0.042788052717526726	4.749401210152797
2.408400032784593	8.05042107774053
1.5347055280518336	6.553347444943678
3.0895647647388715	7.402037540745225
4.354982333556683	8.669825674126422
1.0507540331439191	5.3425056989425945
2.3884459737676105	4.843688589131469
3.9119457721997835	7.355978332187133
1.1313925161499883	6.717595187844154
4.753592908256687	6.185161140771967
1.6187161744271013	4.361586192902285
4.4985157445619	6.428254520036728
2.3938021505234626	7.848053913770704
3.4935421476545834	8.394045830638987
4.619340742070513	6.932393297313922
3.044169373239588	6.9077140609339995
0.766774296563979	4.237207363051441
0.09652958729871541	4.895729748730179
3.2928980625344186	8.78781555799193
4.462765716049642	8.658348059977392
2.755903404254605	4.144162680627531
4.534159607262273	8.411096399708729
1.287371757491469	4.365240916173624
1.2262528656017557	5.135953595065202
4.51543605673086	7.219712741862366
3.3731056348092214	4.024862279567898
1.6513134968798755	8.896711565189833
3.0498870910851243	5.451479353950715
0.12729167206502634	8.378301627582088
1.8268712384305625	8.829962811171544
2.446786186588085	5.674757403146208
1.4078873579441482	6.006847585852231
4.066808613139402	5.230440586123453
1.0600787580470183	7.273373042571614
1.8240178421306759	7.149800226029784
0.14120010229429714	6.315731842736858
2.2157826431670884	8.640297728298295
4.31395988512006	8.252888087818405
2.1501655408615905	5.883611695603535
3.3420952755846267	4.609584675120304
0.44133966887310305	7.957231966655853
1.948257467485185	8.229460867671586
1.0331104107280091	8.495639985185257
2.001701591452352	5.73084920222557
4.417988765415447	5.694069250696923
2.3641042493079345	5.376639044373
4.036502262876689	6.860118652968648
2.8797361919601827	8.017065495831762
4.635468907932016	5.238108250719591
2.773048265804612	7.266901293244887
2.2619210813656876	8.046592758798303
2.0113861711028362	5.3547741859477265
2.48348532009636	4.959924292440864
0.36473403198162446	5.592659804892982
4.923299990966479	4.867623097534601
2.3485065693202816	4.001199841986123
4.877498918968142	8.759476439755286
0.3911274674135634	7.4735830383268596
3.194988539557796	7.945570253421526
0.9044306112727685	8.248370353024804
0.3453325332631896	4.790118316447092
3.5897672441796544	4.275790142386793
1.9686121960482517	6.319158264147052
1.0622741624936523	5.3717641962059455
2.7581859071453274	4.722099209850299
2.4678305151333664	8.027641337203018
0.5642588619708644	4.042835984138705
0.7598803124887188	4.114671739894228
2.7094894165233887	4.555675979148552
1.8619151681375539	5.761197667838887
2.10850464483335	8.074496636413727
1.1334994323388803	6.165191551343648
4.045170805350588	5.956675001737332
1.7849592821100035	4.4707033076552065
4.019131062323619	4.241493125331395
1.7839355526995326	7.055380739587704
1.382754856661581	7.090100235752152
0.3867672372599634	6.955700691017862
3.638824064722744	8.852256416729274
2.168643111009403	7.095735513802451
3.8905977418557924	6.071760696450959
4.911603534321035	6.800800809058863
4.467100479172355	6.3963004629253915
1.2094910591105417	5.124356195902481
2.2968540852702284	6.508968736171032
1.4743079931267677	6.614780505284475
0.6918705340217307	4.091426854673843
3.5836566286930758	7.294626795567979
0.4955955916544269	4.991400589596165
3.48163476798073	5.036943016566158
1.0743330672273506	6.306254293599985
2.5237197101647277	7.931049695933201
2.7293545112973314	6.727630463927698
1.9907538082654963	4.805514244145232
3.277477407446442	7.747901385535408
0.33185828601916156	7.344381892442394
0.05159328353921244	6.4894743686845
1.982743557681984	6.565886714977563
0.16486466629270724	4.302829638424312
2.1949165635340337	6.807951178281859
4.4810989823269125	5.190727385266548
1.2047722495094282	8.349380294608862
0.8975229533740181	6.188886837994824
1.7280197079960118	5.94320476748147
3.4200759265951786	6.26516020373289
0.17438759551878957	6.001498635901059
1.2504454995707563	5.143595750547029
1.7301600758075542	7.116152787076809
1.686644780043216	5.536539867749537
4.092075767410493	5.2728323470598175
1.4893527904814396	5.164504721470091
0.06351205554985417	6.624858469441598
4.408768384588035	4.183130149660054
3.345790216015643	8.441698272550564
2.666178907971503	5.012072009117437
4.339326034894669	6.950825524680434
0.6154217811030127	5.689095768368624
0.8171737525770062	6.956011241883978
1.5443180935744605	5.926497521703636
3.9479410483964763	7.888291974319529
1.8929624017166535	5.572564266027152
0.3826748915799266	5.591957378142733
3.8843751613111417	6.364990173428336
3.7382365275092284	5.562874240470679
2.505104660399444	7.728376840954997
1.9131237771194005	4.441442531103274
0.27219914738809303	4.033237951156398
2.5753086996723473	5.505022844956099
3.1384700260095633	7.102020992181203
4.388597037384478	6.813465738720398
1.3131428554401374	4.273705563452565
2.782782575048013	8.462082027372833
1.398929340472224	4.901347886611072
2.1358742783988136	5.579537536122502
2.435035034279168	4.670587948948691
3.546468085620474	7.993853170399882
4.517332061419033	8.259953970619996
1.6217098310526596	7.64034022955496
4.9953298617918165	5.973363297184649
2.7960107284301277	8.193769064274502
3.8396919921514416	5.369544542956193
2.6430846500280403	7.365876637982454
4.325155002724444	7.356197216242265
2.690962768437983	5.746234313943006
1.0687339508219695	5.817608483450615
1.2185126515028837	5.5107018204781735
3.7026802671650456	7.0031532262747165
0.20904150804837318	4.992257109086101
1.522194021743641	4.08819760762681
4.20116262256741	8.682577437441502
3.42411583253118	8.275213775292588
3.745087683708946	6.193418462784106
4.02134087442905	5.695862744566234
3.561674906988606	6.210555827355998
1.1035629987906437	5.11705990540809
1.0329595579973332	5.259408537582236
2.2383845332147825	6.81547039868965
2.2129817994761405	7.062319136801558
4.854400163602721	6.258472587058542
2.200417104821483	5.264467564008644
1.1145717140600215	4.727815398592554
2.056359881398058	5.74391757016976
0.23930271238350898	7.089491068260433
4.221028738069805	7.898561604598579
3.7824384579018586	7.5256325289763675
3.6528714124791373	4.547176614094908
0.8024471792389815	5.258710728576869
2.7244988963983245	6.820003857119145
0.6845742123952209	6.45352278454156
4.498437834383156	7.371264664979909
0.5474249132741749	7.4810504351155585
0.6112994708507113	6.504364316714142
2.762695921701191	8.647435144052947
4.9912838139368985	5.7807550547611335
3.209847812375317	6.397187857872832
0.5036357493607047	4.423783961649553
4.894804657063224	7.735868214397974
4.46935352650102	7.731105062833106
1.791883864368871	6.101481402376676
2.020763237318353	5.346589679292303
2.181304637218777	6.171616536777838
4.618595416957825	5.535850283126638
3.5313098946079573	8.558761472615533
2.212388809968192	8.659100237849005
0.4788762383415346	4.856094425799266
3.1666134037440044	7.356231384885991
2.535850858483734	5.935307804415254
4.174106132140556	6.922374879600913
1.5821754515295905	4.621864308518727
1.3327343352116683	4.010304893804225
0.4523894990272159	6.57625753638575
4.179181287281239	6.4425273292579455
1.834642641566926	5.435451366193261
1.4776217618509517	5.092864787846857
4.735936773636171	5.4784147321867
0.3686556697106069	7.321575869083456
1.2299611023571217	5.674851504038277
3.2078451855627343	4.724074604487099
2.422103105469895	4.403046232386473
2.7181515645516723	4.534557151343752
3.7361346910824937	6.690175284226225
4.988521740262487	6.667806527334628
2.8427052668453907	7.511019025325577
1.2032987757190905	6.465810037641017
3.160982176118739	8.117302899566019
3.935492205392438	5.253075887304565
2.3054864925884506	4.3166567628709185
4.852074364747049	6.306838122640702
0.5294960787258857	7.952260719587493
0.7159186208513912	8.869067385750284
4.272813862590767	6.744312007970338
0.6208976864820964	6.350487872286689
2.4639105177268457	8.367104973321315
1.8291291484483174	5.297681854736734
4.9494455880634725	4.880018128713856
1.2072757303369457	5.139431632445857
4.362249411305699	4.510883738191135
4.353730032082224	6.7035054387712405
4.804627055990538	8.08188447466902
0.1668194027759995	8.449329408465955
4.4434750226489355	6.773285171334612
0.34989064049311014	7.333496560974878
3.1700584927508912	6.309183131683403
2.6266254982728503	7.389342597045517
3.4555158515565543	5.89867999083838
2.5113999066822656	7.362336770675622
2.903479571087267	5.385838061366097
1.3889974165605605	6.950689538893672
3.605307577446857	7.216853115300694
3.2803177008644706	6.856061504674617
1.6597624110050817	4.579655425208138
0.35518575898421334	5.706227275798991
2.624611269583103	7.064406253113452
4.702085851699965	4.489081827183325
1.005618479516834	6.676615927269092
4.353467806529249	5.611441219137139
0.9585831443007936	7.973649761475027
3.2144963591688978	5.586237365377695
4.185544386664925	5.518135296652797
3.4186420301221956	8.276437304554694
1.0306099192319151	4.282337842272531
2.3207027743221325	7.509678347060636
1.3719807610872463	8.234604550241416
2.1332693001133034	8.757141613950425
0.52822942800971	4.04328287062572
4.983364485633194	4.132674248589924
3.09725940077891	6.091364991959008
1.5699714859116147	6.922231604885287
0.8988648131548715	7.218516358526781
3.8381613269972927	5.91156045337376
2.5373631486321586	8.710969340529132
4.073431760673398	7.127555233330445
2.250282925735851	8.411713163127237
0.30337271820853107	5.069793729533739
1.4010938656035314	4.904053845792509
1.83281561464872	8.295725056120393
4.37978812234577	8.087255627248505
2.2661245729555968	5.12394797543193
1.5361310276975186	7.295284085011705
0.11684130392219105	6.455270769503232
3.5023980677405087	8.183837107623807
4.770185419472405	4.953700829469351
4.926498180034864	8.036426264860463
1.5266851953709044	8.58327958676665
4.8000222559131025	4.7102901788782825
0.9499212485051067	8.491479728775046
3.8228254256246825	6.624707238419988
0.003162562533097768	6.313224373161136
4.818392296441164	7.271606520958837
1.928371426970602	6.892422807341767
1.3447141000495955	7.644054372719834
3.5591522279084815	8.71833099557032
3.957197995870025	5.786068135769377
2.6484467743526134	5.368031024010478
3.262110736656335	4.664562679088783
3.890270911882918	6.885105184283629
1.3511241342301124	6.609636352510037
4.000158337135727	6.811683225416468
0.2003250566612319	4.912833082608232
4.848618869960487	5.029442247648563
0.4647830073616943	5.0551214405905505
0.508471130325881	5.8914187257085775
3.742687274589993	7.725510922693818
4.336808024262632	5.756026883566444
0.15230462083952345	7.6177415165938305
1.6721577413283606	4.1196820828332115
0.3741097393501419	8.739287473749853
2.027471349071141	6.2338581928079435
1.7900258518794687	7.910505908497693
3.585661897637581	7.341946070481024
3.9519351024505616	5.801789513979634
1.880762198004677	7.423168294822561
2.7240195482765057	4.9866419723958835
0.8286968262692818	6.971632078601883
1.4664916800602805	4.103065136110733
2.211558552845161	8.514997437753426
2.7435665885137954	4.14683714130701
4.307069742981142	7.875683855392677
0.5277066757167415	7.2590933518129415
3.424447665484396	5.821338563780617
0.3254532156585055	4.64549031540693
0.27632463661586726	7.1698164860219
3.7100858959704084	5.039962232300692
2.156095843911285	7.5567814166677625
4.911353840205517	6.980704839695254
3.475685745608674	7.76491885719299
4.6080251613459495	5.938078721601892
2.2015587018747707	4.457557471104701
2.495026286654278	8.71764060291891
0.7814700485563231	8.648300147811078
1.6868590251327102	8.425657497470882
4.669091278219492	8.231323543184718
4.558733428687731	8.882787860014766
2.479203761322571	5.970556543181953
3.6229457401602256	4.693895000879834
4.039299205595117	7.505657612118895
3.8389301172242067	4.693716860630579
1.8216543855012142	5.431048620138476
4.427557243731394	7.4742729316354435
1.3117518455541433	5.8363416302244335
3.2187437186604613	4.256670266834942
1.085139666529089	6.594064699842528
3.89581262615231	6.777194950775016
2.2231319333009263	4.478953534191561
4.726553082832476	5.225732536449185
2.6028989831380347	5.648161656083402
4.048597543226734	7.076089843407218
1.017338758516471	6.232044467552466
4.714680293620023	4.607729716227162
1.6448356771739137	7.700486345480885
0.11256685006819256	6.148087269798651
3.9807937965286584	7.426688749853524
3.9647414400731384	6.230739395485925
1.8499065687054776	5.411497123518739
1.5346906099485869	7.061628652352063
0.9480774881165777	4.997442701968422
2.3707423103500957	6.833204487138484
4.023864476962285	8.638081743530046
0.903283352078218	6.323021197319884
0.7773446013637197	5.183149810118982
0.324945714770673	5.227062675125824
2.842446919688437	4.884900198687008
1.7360268669547796	5.472956858195915
3.003814517893697	7.738283160580251
3.2893413535672384	6.475818394174985
2.1334714887405646	7.708080214852255
2.7888309172839856	4.862226274348579
1.5853144962609762	4.979489484428353
1.4033584659348652	7.556085235838823
3.4555624311254576	7.760630644565131
1.0553088507635926	5.294625703351068
2.606393280888681	5.958586261536572
1.6396537969642022	6.815991767754825
3.704518136533523	6.006726235947287
1.3310657186620385	7.326703538855103
1.1960515850334463	6.100353365982716
1.8486212377866185	4.698182412802712
3.734110558671921	7.454818828157599
3.8949456526051955	7.793461983161587
1.9141301498324297	8.620644755143527
1.47623745631696	8.055913828753182
2.877811790965282	4.426970029488435
3.3212029970605816	6.542412078766258
2.107787345575755	7.167028983345306
2.1367494311721287	6.538139685677045
0.2677319100061354	5.162325433655464
4.843505590108301	7.875138639551319
0.32812379280155346	8.048132254107486
3.199353570012748	8.56090900632795
2.422357448652659	6.469428566595358
3.3433384097713876	5.8529790247104145
1.941033129407364	7.672121781721246
4.9163759625412835	8.29857109293237
4.514351389132349	4.555709205803818
2.4790859123981224	7.03889167031392
4.182635921854267	5.1701966362799965
3.60229664069637	4.13862888295004
1.295869789670094	6.8980960661799955
0.9087930050817361	6.252206236535859
2.091258458288995	8.131266373551636
4.349624944707788	8.029803787116839
2.3600909123549982	4.944571447089261
2.345784127488251	6.356205603635209
0.03735602454956022	8.768021314097368
0.769491136931732	4.579686452936091
2.5454034230556792	8.04892396334689
3.450736097886593	5.719805720354707
4.185394549497222	8.698033978698398
3.837400369407952	5.853251769454772
2.179665366974323	8.566870410935014
2.532593610106816	7.0567825935884585
1.7790098585665142	8.143885225150505
4.677757396166646	5.724279666160096
3.6217918515437217	4.954254839347073
3.2999399929795254	7.404642703367903
3.867697652951061	7.777075284253225
2.2160073779313896	6.036222279576593
4.497094096705465	5.928438051582245
4.752408766022882	4.761781164870559
3.6578078925348616	8.766815770298603
4.316072906495909	8.305698022806178
3.1918505427112374	8.808360965650639
2.232327789563686	5.065303902995715
2.0886321024414203	8.957878629904357
4.4321669558094134	7.948268606996887
2.335303097466912	8.78993199527196
0.18899637079111575	8.26714917357749
2.0703757795413598	4.286811220675095
3.240181060085934	8.565691416627681
0.7550863367930782	7.290487108257546
3.026083669445618	6.9638333031500395
0.6200117417476197	8.071911454260789
1.4628760410345854	4.596173849459767
2.875695942472708	5.876683513801684
1.0481086532933221	5.9983880176283515
0.9009529628921936	8.885755690492012
0.8103202274055415	5.804740774306191
2.386385754381248	6.737304397318774
3.8808429746700153	8.404457129287305
4.210620235038185	6.091350985210552
3.683486238803148	6.84564333909761
4.7470272039510135	8.815952219307682
0.809231404534016	4.753075453740582
3.6550562412288627	7.0041467700772575
3.8942668591301928	6.590381295836295
0.57081878458423	4.055244600872678
1.194723706040488	8.479611080398184
4.627147504563115	8.6785446028615
0.2147054324140779	8.260159576371052
2.4192987432196866	4.205492405302359
2.889738361156615	4.5214760630404705
2.567267878969238	4.330117410231999
4.76189220335196	4.015562070833785
1.6743293967748047	7.8492572065518145
0.2143760278524276	4.513182272300214
4.54669349098168	4.525364015798135
4.190513721120605	5.40992929965208
3.7342804011516693	6.721226000819016
3.703812350522033	8.125676695749675
4.928938976535148	7.599709550516267
0.9130212282262407	5.135508308612027
1.6965653361281874	4.426053218411483
3.5404516753012443	8.177238346706613
0.20670259761093823	4.408170165207659
1.1054553850794173	6.943299169031728
0.25725562050444184	8.356301618641274
2.504855830803983	8.05972461405273
3.3194012477130057	6.5318128388977215
0.5819788434934764	5.847176348575209
2.5775400830642843	5.604795015448118
2.586552359258907	4.958030894038847
4.46059037233502	7.7588450647395435
1.489825068754254	6.935288785857165
0.2765736356869791	6.681595500444081
4.385571356758084	8.041143857788505
0.3658461828070114	4.433568270469853
1.6081577525971675	5.673667426927358
2.6261515512742184	6.225487316368089
1.3582041583599513	5.575662507777042
2.7345026590238537	7.948585687850162
1.0679623587440512	4.560371084376588
0.7800042466208512	7.299284970483694
3.1416457151071056	4.366152107571237
0.9832541932887728	6.489780873308269
4.2401923352284125	4.283259183549714
0.3992005836306878	8.007590940383547
0.8740488530522778	7.953333654707366
2.1954228990812736	7.722696329517253
4.448606974374837	6.216161238116592
2.182126206683434	6.564951558747328
1.2530349474462932	6.495990749387507
2.860423054526309	5.057385338376828
4.806116775378327	7.435027638635868
2.8814146231386757	5.490237013581568
3.3556483643023993	7.799439204876051
3.447549951274339	6.17340929615739
2.9879852221884744	4.55723952374269
4.118862221900136	6.8474042915723565
1.0757816726261509	8.8479548521584
4.5572234842622015	7.180403660776296
2.862579673246444	7.84005817699544
4.653778127984192	8.935356680375431
2.025893215357502	5.336438208452314
4.007439447563295	8.675941424925155
4.110229114761856	7.83721409167017
4.325776736886643	6.031960203219905
4.559798342817029	5.493848213368878
3.9265312928624665	8.20583176437855
1.3732673075725688	4.402506910542578
2.658566706235965	8.454597084602366
3.745053938722544	7.027056916475319
4.74717623414736	6.71772415973377
4.910848378557715	5.612441567752011
1.6785469470594894	5.219046421656786
2.8208280190006936	7.537869959453097
4.371581795119904	8.569917315810155
4.319365210654043	8.402952211075686
0.5173327166280456	4.072220471449457
2.0111703549479265	8.131693572008277
2.1035986126998134	7.138810259649881
0.1282435835454232	7.3252001964558175
2.5430127662831032	7.66360072445257
3.198789229569897	6.162818070725948
4.143825917243233	7.446829825652954
4.847597609156647	6.7519132738258705
3.918943743242502	5.124824009367735
0.8008106771371676	8.299036631941107
1.2083203124734503	8.578145329043036
0.1952601648259955	7.051632395416109
4.988509998584584	6.608918883281147
4.8891757800728755	4.178026393129468
0.9139949488844362	8.833391034575024
4.432135571068652	5.7594698796175
0.5039237237904465	4.1560500796374225
0.43450603827370093	6.748458456206436
1.0748426139289502	5.029956900609472
3.192573297160028	6.122397453454068
3.3299081801618122	6.750934386403925
1.0607603623899937	8.778256249483134
0.8962300209559659	6.881924314486476
2.3922382349170297	7.31863095368702
1.580945823201822	7.5631437662331535
1.4548016873968994	4.760593898290173
3.216873144896306	8.971596864464441
3.9640899500145865	8.070514195770798
4.599209795552143	6.256131824843702
4.3925301015533424	4.244829182072718
2.040699277249102	4.985000683349486
0.15512466827731608	8.894240704796793
0.5708666349577962	4.806579017141572
1.0801693388721016	8.298514674621451
4.697198631383803	4.882080273994096
4.410872041435882	7.396177748301927
3.819140820776408	8.289584108536959
0.16803834599025458	7.521915926546355
1.292505618347758	5.0694060808176635
0.7928920214911972	6.351861858144408
1.3572459615342591	5.210279204187692
4.099859877798514	5.36721954494039
2.887211849093201	6.830706779250362
3.2760717997246047	5.492439178417677
4.20000803779099	6.27630240221554
0.9877287990866329	5.165146527506018
0.20975329232287232	4.814454150378712
2.8440190005162487	8.65344125487367
1.9565447701155376	6.116715844292472
2.997412886278432	5.189267274057285
1.2501097052067163	5.927600526986421
2.613280688151003	6.812704764654083
1.9424658934661316	5.151487954145281
4.433954807935502	7.318279008203876
4.198205104701531	4.040574788495319
4.567587265441858	7.752188738686754
3.2054583600049558	8.926130975761655
2.4735182532312443	6.1336880272081675
4.060453013114397	5.603236326983031
1.6348387697148414	5.312728600131077
1.723855330425491	4.822993203546078
3.0049431570115717	8.168382041296834
1.794976093529212	8.915933527141103
0.11816658425485849	5.083796361371385
2.305362326071487	5.508279838331138
1.9629386788243164	4.918606535858336
0.3291145118789285	7.83364538609232
0.5807377698358634	4.125460401027152
0.4779943706091544	4.064597439079905
1.670971384482303	5.6790051692345624
4.916713518206772	6.006682039045596
2.9145281863845893	6.965723271141563
0.7145798798570463	5.652063354221155
0.8448515148856628	8.458464462571918
4.940496940622226	4.328076971372086
0.45591590121491277	4.528476947825313
4.485597340745466	4.189850876934025
3.686122387543988	8.818498626076867
2.089895225125129	8.429751405615702
0.07350086741722883	4.562156078404135
1.3838772330531357	5.721173901412069
2.1124075615612408	7.656222538298946
3.412311480373946	8.740895258952246
0.4333321390135264	7.851277713067292
1.2595961552639228	6.974871380651221
4.552499850792678	5.655358972489698
2.2164028217063954	5.996205744946233
3.3794661423272747	7.595849561327526
1.1494965026769695	4.166206904518283
3.5014874072744484	8.167604717724222
2.0126705728075054	5.8693568197591315
4.095232413789279	5.474649181623846
4.405580264654956	5.0658492604076715
4.76097733402444	5.782075141012118
4.958808731699946	6.485755993749628
1.3880646311666527	7.456418180898371
3.9739900309143135	8.906536017475853
3.7728567416370646	4.856458097103434
2.4135472776907636	6.282258756129762
0.6809430261098798	4.224773740623459
2.138179848226267	5.202283397737336
2.264101170633641	6.776472435425287
2.514427446886929	6.2217932260919175
1.6734032930165594	5.232276630262617
0.8093788183881795	7.794133240209623
2.8076018576010915	8.424489828705234
4.76783220453292	5.645711510008939
2.347293641019225	4.467072481206371
0.7961997779926927	7.758175907390652
0.20244246653131015	5.015448543937067
1.809569157874641	4.47425108959482
1.7653289864409272	6.528285008263871
1.0350209515440638	8.958709824882032
4.059550211710205	7.601847388697243
4.490840286157674	4.430938779678947
2.6002459784778305	5.602244674535403
3.268753739224693	8.614679031391862
4.977098719027595	4.328221935450591
0.5968569954552444	5.429347885344631
1.7775107587985595	6.80210623971598
2.3810042423125295	8.127816452987087
4.009197018673839	7.284524901367531
3.0694526770721895	8.854282261055324
4.309741882349738	4.416732328605811
4.7550337266349745	6.594732394269612
1.0726505847363415	6.109569058268484
2.006174327282708	5.444914629366897
1.966889342629869	7.313513360796143
4.656368113797033	5.9997049969513405
3.714190035375446	6.597546863512527
4.490338633977424	6.189299558458732
2.6758560240271527	6.439538631566459
4.602724069341748	6.031186235434572
3.5950895331856114	6.326587132259213
0.01874640120370752	4.72738983574148
2.0176176508835604	7.528963823840199
4.333871586037002	5.1376837509938404
3.412247287911507	7.218617350919747
2.9222208367352094	5.075710981018739
2.673915217572252	6.163774047900985
1.227411515589466	5.782315946220546
4.035595488673272	5.77748398588605
2.217456590974214	7.3380386551836345
1.214572163269207	6.096625616210291
2.0178715579300492	6.266210980601436
0.0008894629631467366	7.809223124135174
1.4131561956091643	6.617173989389898
2.7145299362898907	5.232491238501988
1.5114760879427935	7.523181066710251
1.4836257630942646	4.94469963011174
3.210048867118713	7.065370686512737
3.335401491649772	4.869880676627864
4.162170190788602	6.524039530627379
2.4956432785922154	5.4771254326437475
4.0153980429522225	8.494340129314207
3.867831128443714	6.852056267101703
1.6588436796731865	4.123352187546266
1.9495672383895346	7.819313330130589
1.0822097684953846	5.438751690347067
0.8013371738007963	5.0703914273193895
3.315468212292203	6.378275976155223
1.8983259022210812	8.295095825262099
1.8049460325105027	6.115439355293677
2.96349225984418	8.381837912231894
0.5376019139467925	5.808819577048277
1.6711009758839357	8.961477132356125
0.35251089140520886	6.209717791447742
2.011455147998094	6.079011733610189
2.8769559789299315	8.899357591498676
2.531659442272397	8.181149879909654
2.3469713478534446	7.660668256797157
0.5460382410252618	7.61822985489563
2.802688662108847	6.095150955609489
4.500571674746262	4.991758849285726
3.4389388532149816	4.926730809212337
0.784704604801188	4.223688367144121
4.667923609595181	6.7849741331737
4.922266068277057	6.22694912391416
1.7025309123465875	6.934407122917919
2.901644635172892	5.476348938614448
3.585896935601757	8.432805225847147
3.197464504302554	6.904208980328606
0.35506893496905056	4.10401139171856
2.6962366362310783	4.044401874609228
1.8772624342453232	4.683286113406875
1.8479550597374632	7.108113811012433
1.9666207086274738	4.081106627814628
0.03686257792558156	6.625745969436752
1.8893556332925994	6.702741375164432
1.7422385726552365	8.953751697452876
1.202442468224481	8.523157044500017
0.5158773783877318	7.606698265745164
4.007269331050699	7.863585234513152
1.773821768938582	4.747169740718729
3.580047880613646	5.390741006120679
1.7489957097202846	8.904254881336046
2.8890297733620214	8.196065527102714
1.3645936109196817	8.939508028605243
3.48754865041058	6.152833674913086
2.561783197506119	8.212791410099053
1.4372941658694272	4.151206601026542
4.243784960746008	7.019308754784191
4.835406832706291	8.359242295921703
2.9502693406504394	6.231194025725749
3.7255323062650527	8.256121700838765
0.9118217019778058	5.485582665823772
3.731877542698946	5.431975213529322
0.4862898611856692	6.680477470488578
0.9291578004925322	6.306279837744873
0.48178459147465935	5.669966089688687
0.7481809411333978	4.544640821487769
1.6105605591951622	6.608509055126578
0.3098745453158147	8.305791142108047
0.05184974105036433	7.010114202229759
4.4526842138897385	7.610793043578257
2.1119264793722783	8.514691046485495
1.876606800000098	7.960682648724042
1.8688465119985698	6.272360494974913
3.0122192137626094	7.945883976601676
1.0717721196209418	6.617349218390765
1.0877973432174208	7.974967346888459
2.608288101291998	8.344540545675837
3.6754155876624357	6.459572238856884
3.8916363349285237	8.49421836995935
2.7629159303646933	6.647574517753105
0.8088520537721455	6.620209141443771
4.3256898670875765	6.579935831578913
4.870769525115637	7.999625947528535
0.17954666139630926	5.72191700983238
1.0261188975089381	6.532455018831145
0.9552968440230991	8.099953302422549
2.294392209256428	8.513936166898425
0.40299461642474166	6.090045780580769
3.632684718555268	8.922925905426993
4.000255374844976	7.822708238202441
0.5894079349343895	7.670934082922785
0.8261040233821154	6.578033935555762
2.3373532595068354	8.624504484305579
4.683063317833552	7.23835849208538
4.047129877702165	5.7448164972626845
3.3419149461507427	4.440955216142348
3.0426301369943536	7.8180113375770715
1.7614768463816932	7.3323103633207545
2.4257781143845407	7.2985575868532155
4.133202443006095	5.608627846270297
2.7113431383524382	5.1206999378188645
1.2374712950229205	7.680284779642158
2.4314962248664287	6.586044249975192
0.12774007005857346	5.696735728150132
4.517785983976826	4.8321368758949905
4.926666123616717	8.271719074338083
2.0029435082177187	6.312731022812487
3.82162077511727	6.514210405805899
1.0025026241390096	8.9641268707041
3.6306885262618187	4.937405637066163
4.973280685391982	5.747205002040641
2.9176127071421694	5.622574438271905
0.3125811637892495	6.973861482598506
1.9372762045452352	7.468233004640664
0.3007482025496794	7.084053558500806
1.5820117816140644	7.030554366332728
3.8362974118406292	8.176196080637325
4.81541078057358	4.169266393968
4.688586215455954	7.931928746444335
2.3957351135118947	7.695180490069029
4.848530982656236	5.899914267413321
4.674766776076565	8.599746254435214
2.965930294410674	6.279325627769437
1.5977818345376338	6.159098795364619
1.470798971284063	7.341292716237023
4.964973547862876	4.586149961919334
2.8027774372682908	4.494587849752779
3.1305559569892565	6.909149197287999
3.442771575639183	8.348522032765937
2.370738007296943	5.649967758642543
2.362294297187159	8.046822718217921
3.539261587964436	8.004408210728464
2.596470852587782	7.562213777783112
4.9258583443561434	4.258186059816148
3.550973025248128	8.651181675048893
3.6649599309028624	5.142352051477569
4.867603296366291	4.031338303798205
1.2785160307217076	7.662191243867252
1.0596480441803817	8.06557997640336
1.284950855873278	5.433156138608457
2.801680206967051	4.399956000530054
4.044928035329144	8.180503682065625
1.301702312618413	7.043128387925125
1.852276757147514	8.44398232831874
2.6139467003119723	8.409511328499626
4.741895124549813	6.619716216942084
2.3288654106823268	8.79788511166467
2.5362150695479717	7.403865419134677
3.9578286132025635	7.097860562997415
0.41936610782353334	8.723142902945522
1.0371471302123114	8.03385053278729
4.540993930842149	6.9405028734761585
2.42078206091688	4.627035566910081
1.0969337708448101	7.125892494117615
4.201716979468456	6.528724158686893
3.700545202128802	4.773069764968387
0.3885380091974855	7.5114848712167674
0.05392942130792944	8.726700764564274
0.10656675974483887	8.792005829190048
1.408034534646151	5.011813050218342
3.550235538543119	4.434748442687259
1.1042219170390999	5.417762129583354
4.28633673190707	8.136910430771419
4.9849799450357155	6.31840196780178
2.752098055091806	8.662431241805763
2.3028875815783505	6.437210288014305
3.4499486254610163	8.544603376681074
1.9656763875136785	6.693950223360897
0.8887645686419671	5.032519374835005
1.4527789488870373	6.952555369606284
2.4328978401817505	4.448576912779516
3.4298551928065835	5.05798714602793
2.9597498909940985	4.578990447603264
1.8448737622637785	5.889568054676433
0.2344312768878576	7.102107711859517
2.075337620519757	6.7313478296675875
2.6437216821216403	4.003236786668948
2.0073796394465298	5.42896245253533
1.170594530141773	4.732259987360807
4.050860254538835	5.6072016862068494
0.5994085823430412	6.58226481858501
2.401219066743802	4.414511950621861
3.1957674260492124	5.172913874108429
4.199849417128468	7.956483743386778
1.0378897616010707	8.415923667842016
4.740250258306159	7.235786532493734
4.5195437062282	5.794224960741678
1.8240305622582764	4.04712071185212
2.4093075467868386	8.840455414570808
0.958935909011352	5.206001343135049
2.222257492042689	8.544052148614373
2.542202120656376	8.351656397992201
2.858373433151769	7.032161679907851
3.460618515429201	8.474912782507927
4.394334578041924	8.443028293864998
3.9603623127370375	4.115749774887427
1.5743426388903081	4.315826097162031
3.444886736953454	8.76368874862527
2.0610632234525097	8.873800194856777
1.403802662348273	4.477949790215149
3.2888436907239624	6.5983487490821116
0.34680177449144145	5.033475120864917
3.027927044842045	5.655835663351324
0.7307660663363169	4.269827205763242
4.843374418123149	4.836182433501846
4.876780096056603	5.94159860501008
2.4448791688888054	5.476400301208809
2.4969625423970565	6.124902080554195
3.723935974246704	4.477507569080744
0.9451990727825704	8.067822313384035
4.748638630970612	5.800856637014321
2.1607548415950593	8.91569430073405
1.575180300670505	4.340667019295888
2.0110771881617855	6.249792883584848
2.0251065346815382	4.741778824412794
3.841701457508346	4.171061338189438
4.378863776927905	7.89314574799579
0.49650907905433583	6.51039927722003
3.4678435069590376	6.009360208219167
1.9587783506942757	8.54554669354523
4.931300828560216	8.018704343965577
4.497175065451048	7.261289340343145
2.1783854654630046	6.8664679911443285
1.5078791445547473	8.58359357666555
4.277919699997466	7.608052674429446
3.1730242917955542	4.904862418974008
4.059652087603852	7.9197270796054795
2.8395930936393428	4.557192897066788
2.5123813470604346	7.172989664302381
4.580519449659468	7.903752491781888
4.539062934214978	4.508074965892958
3.6592646239206994	4.083348138495033
4.816121605425814	6.865614792871379
2.4187923270682052	8.383057281636617
3.1703541008053056	7.383663894346599
3.371875203557752	8.77143768825231
3.8992274473364263	6.431751264980202
0.45049282925318956	8.798239512888232
0.2588440481717197	6.809262867595865
2.9741275475579694	5.111509688136577
2.5495221286623746	7.899010961648303
2.834554100018039	6.496416332782223
3.9173852636415782	6.460425366050407
1.4588412933597823	8.677808125501045
0.8800296945391733	7.659456189512964
3.312486412777653	8.877458253059189
1.9605483293859955	4.848308684771601
3.985913447229028	6.535947763491985
1.5295903418344685	5.27154293227432
2.982507012015599	6.444589526561123
2.321022843450131	8.329939273966074
3.903444831712749	6.050117480794754
3.3366383071785517	4.999041762170082
4.633485861031623	4.390465535041528
2.3745916187425604	5.1044953136351285
1.9424723615947237	4.486872771089429
0.7485218648450886	8.734237197846827
3.561913634211154	8.896341760313355
4.884726958611419	7.8458968822962465
0.6415889198610647	7.829773468603728
0.8503979006123941	8.662421077046375
2.575435104066868	8.166303747762328
3.3455807278199106	5.335642799006509
2.657957034120371	4.931540990052147
1.5747597616473552	5.793031903691702
1.4287696520479192	5.560756108826732
2.951590276560813	8.578395640289676
4.393103086055391	5.001006890958063
2.8016146461150164	6.904782891282794
2.1502282066275784	7.07961335868929
2.6100277967580072	7.762505365289653
0.6577797678325531	6.308937642350983
4.076993967710068	4.420096397611164
2.890094801596562	6.4313551991875855
4.240696103345858	5.758121828833483
4.710488831179672	7.737398015041002
3.806018709346212	7.274703714519544
2.0202995746907844	8.286527647896666
1.058063910787845	8.450522978527527
4.518413819191017	6.813662305901067
3.6851127063565015	8.601480755042319
3.0877672182792555	7.329667028037196
4.377703005853714	4.63094724775926
1.4294728265128687	8.711630398313869
0.4601351123395331	6.320730084594443
1.7358735156340988	6.214021175070975
3.8055362605957703	6.841182554885633
2.341892750203827	7.659422119432404
1.9865462422186286	7.899522155640367
3.4319623856821826	4.921451218814859
2.7788487506272768	6.2485630830679675
4.835498504856404	5.8001869855420765
0.7656266676818324	6.070587664549947
2.167411941113853	5.758433107559966
4.366276270810088	5.785083084754872
3.2193083692562463	6.516070449911779
2.7052578526865965	6.584704728419425
3.948947562294411	5.90141248600453
0.775370957440194	5.445665078446611
0.6283695573692472	5.906832027028422
0.415681564543367	8.381915020637889
2.420929283842483	7.272653869940804
4.349695107113318	8.856555312868625
0.7112617825992201	4.52427023823253
1.4940277816517549	6.303675278526525
2.156688706627057	4.62382362475493
4.846131303591418	4.158277099466023
4.580499185188981	7.242598219372672
0.48418653242737364	5.486637372023351
3.432130815415219	6.235483156854929
3.269403677702738	5.537075820563157
1.2533067929068982	5.746546327972125
4.884714451843723	8.94436069076027
1.002725646227437	7.440794472676858
3.9228506106142422	5.26103199401972
1.527510193041044	6.976341668952486
3.15401791425508	6.696928074656027
3.3710282650736016	6.87957464521474
4.3074978661428736	7.642129619870536
2.7909602747047453	5.671083221343159
2.8423477226164313	5.281282545888482
2.65854753370532	6.469346782050431
1.2345651796626629	6.163056934068898
4.123307033897911	6.599502142594255
1.2011300948552217	8.422652344637008
1.8506580519141524	6.181792093055024
2.802488954656362	7.535947247366526
1.287312441845823	7.929909010263453
3.6155997510746527	8.216765054485428
4.190173702507853	8.210512494330345
3.5738759117139973	4.719749067207064
1.8732166335511207	7.143059348838497
0.6282704068336742	8.417984735934589
3.52377768679718	5.927302023355689
0.5623592414383671	5.146551362271067
3.5661143867021416	4.413590089246093
1.220638364564162	7.057595490264278
0.1260338225017299	4.508397546852383
1.4825590812407703	7.189439566116908
3.9989870095574847	6.2603705744262985
4.768736508989459	6.13337781425881
4.095937434226613	8.563902300499002
4.750585201035823	6.032008445177281
0.9928328376107765	5.8049778923520865
0.9058751085855249	6.421854728137422
3.99660368242335	4.649458733058237
3.54950293926537	4.387450817434321
1.524064984362517	4.5631115112466025
2.276172949753661	5.893887252986058
4.60683670880085	7.036769064611913
0.8165505067700823	6.1550678630103945
1.3901237330412697	6.984673905718202
1.4918804852945127	8.412015404464476
4.374134581702636	6.070287678976648
3.5765397785631525	6.712797662106929
3.597346779723101	4.130871246331109
4.602883547712421	7.326609147874031
0.6589386038728667	7.668597507778667
2.6890844209844573	8.206387629825947
1.2050156063210622	8.74555021217478
0.20049122075236903	8.521746045044098
2.5451367795870414	7.374758268891931
2.106074475698591	4.219935048647113
4.471518429843201	6.913246004019026
1.0833652615124567	8.414197459356417
1.3764901399268936	7.0365972787540585
4.030412639824963	6.845944460998883
4.270986509347784	8.551016315464407
3.8232473753700704	6.61632761531306
2.1496586251385077	8.122963098458884
1.9011234770685659	4.372998910936928
2.0809309743443545	6.6610115311021945
1.5055202391491012	8.069978172079018
3.4273536624632497	4.82496437010837
3.2181942406710675	6.7944204932540035
0.6298875311906493	4.783816360492672
3.5350587659566846	4.11119032421787
0.6568261174980217	7.683182207456485
1.1947723600812017	7.544623163367404
4.8207017455122365	5.6458529352625595
3.4424881819039173	6.483995182970434
0.8997144147632474	7.941272455543753
1.9625382900939936	5.3308410850782515
0.2881514667545565	7.732926801004989
0.9010383791078913	6.747779782654518
0.37644343441078143	6.083378387081361
4.634595945205625	7.778123812835791
2.288309344328565	4.942963592017514
3.726945775255336	8.719318520268217
3.483694314778446	5.4748884793352275
1.4706280727651055	8.967608227743511
2.3566563070908475	4.859125861713612
3.3910664409457185	8.91522832966011
0.6691450318728132	7.503388060444511
4.780308731300618	5.8950702123252565
1.335832949031737	8.044838002327385
4.822159209662157	4.881702577970621
2.8900568460132066	5.056578959860262
2.833378545892355	8.167544397339071
3.683047322114475	5.08421291666413
1.5494706633310462	5.570704133141857
4.569271388954847	6.605525378004421
3.786676200043728	4.271918455590455
2.280751495268723	4.993507212808178
1.4114007978152858	5.1404991677058325
4.292574589700944	8.274936522438487
0.29338388255245595	8.463280156892727
2.5707052617442843	4.8443204543386695
1.4795642091863914	6.499191356799276
2.8387271539006624	8.47946910516162
1.3200308189572167	4.290151541443159
2.0922146802799384	5.52351931217865
1.7440405983397	7.380518335676635
3.6776363586828387	8.657846637816785
2.7204289180992998	7.560757311135677
4.760748062996155	8.009370723614069
4.712259412699834	4.6123252614011525
4.690877933190217	8.457539888318916
0.6133603949860961	5.894017970004981
0.9172108308813742	4.568680638163153
3.3740928418636758	4.967826689611753
4.729398566216195	5.122725158100168
2.6960248196015324	4.083858070403057
1.3559882486015806	5.338343049636569
4.979268347499577	6.964010665008329
1.9270567034999597	4.063071316090309
4.637328752675672	7.346409768397338
3.3382918937267387	4.347452033690837
1.908153477920143	7.976318906776262
2.0262581962489308	5.830735875580505
1.1181268737586936	4.1305351237739245
1.6233793213465137	4.579823446337474
4.1742534722991484	7.250082468558352
1.3933821736497365	8.01807949588942
2.849755683599295	8.18164959583908
1.2292916839156005	5.207734521599661
4.803391048287116	7.265166731324584
2.4508455573917187	7.47982681108387
4.224077348254333	6.307716620140925
4.81460760406406	8.276115937453465
4.91459121840416	4.411627425351598
1.378256645937671	6.60406226928549
3.1029521625007432	5.668370119288171
4.770559459728419	8.718227204837298
4.9696959649773085	5.6277084177347
0.37621423352500627	6.5621285554753515
1.001896133986755	4.201858182835781
3.95761823793563	5.436681603430969
2.2134983678805327	8.230198201112062
2.9351667079168555	5.269425796051403
4.997983908534935	7.057674120153021
0.7755752554767725	8.74829911313029
2.1780449188577826	8.270822051782474
3.6648446246023445	7.967858573392996
1.117036155409468	5.243142390995422
3.5364009553534874	8.78020374743659
1.7991893591543247	5.210759718116966
1.0970127760190385	6.189721943487054
2.10116573242113	8.82481494422311
4.385480123974329	4.710477691889793
3.2736199602820584	7.606002407584683
2.7713370310157486	5.035211818898965
3.0729488314710767	5.712984788848006
2.6214230060960158	5.90615304970451
2.529035333060039	8.4381459487781
1.5561685448877527	4.125075256438466
2.407259979028318	4.268290587494116
2.9315847199156937	8.941354054584618
3.7369642665885054	6.777543311503829
1.1080733102841278	7.658527392694047
2.1141653638215105	7.516685312613079
0.8393254173300113	7.292497718863455
3.8280276044478128	7.3935483174438605
4.728944808580016	4.2419352392749525
3.0924329849425316	8.650718865934316
4.492518116037512	5.653954173400473
4.119095120406851	4.425701558690668
0.7842418841105847	8.832985618491186
4.454447711843493	8.884650497585522
3.1824006563732734	7.644956550932972
0.3919192667017962	6.697053892357417
0.5736764831439239	4.98396382666687
3.9779858408000472	5.200497767066008
1.2997456196201151	8.833877091749276
2.36426389991308	6.608876241032422
4.851307515899516	6.867419685647574
1.5190669605355152	5.636896558608162
1.6070958570085292	5.274525814174059
2.8841279094940493	4.182501673565819
1.4143425034311878	4.5468046826819135
2.407545239427342	6.064540617543406
2.715387276725933	4.419227018079731
3.4993336492815357	5.532378610363656
2.4145008328660134	8.210304562715883
1.5282788553860516	4.7066634241572824
2.8020140160935676	4.6580214694633
4.590802434418313	6.475058577995677
2.5870136547847986	4.225117477719045
3.7816612982973963	7.034828977613104
2.2540837471667317	7.5662536385289965
1.9223960627539234	4.640554765638999
0.1769037742611146	8.918259623796763
1.4347285972025248	5.136401967516134
1.4186135338428096	6.841772999510769
2.0169760560046828	8.663513686559941
4.3931920697480535	4.933445044903064
4.459071430231352	7.788151768328678
1.3799518347675133	4.860876794910846
0.862060602012652	7.403852579204633
1.3892020913969538	5.748987074419643
3.321996387605952	4.752831679322909
3.921950854506418	4.308690323691019
0.002916878504960474	5.771442941467344
4.747270204842797	7.324639566670997
4.347039150314861	6.767755126589336
4.681289658159959	8.428559418886834
0.1514876723404296	5.40205522697391
3.8698088377591198	4.259821701331614
0.31487034749970444	6.241971554308911
0.8057070601050281	5.865294132211948
0.27323969005148274	8.088532660042986
2.28031209435803	6.342587988663487
4.0189193295561525	7.610216628489056
0.5879782560850294	8.671654097817054
2.5457118199391076	5.537836732150144
2.302092735154835	6.040595743990682
2.2259390459489263	7.101241463254775
1.9092213020925901	4.083249251883139
3.4428522191620963	4.610844182634979
3.3441127515652136	6.016552964893198
1.9188677295572176	5.710915316216875
1.523757060168998	6.839549581034294
1.8458763302535712	8.27406495160951
2.535416006740445	7.952579900758916
4.695470198911541	4.368037751897348
1.8785273239294775	8.297501241411588
0.9963651430094761	8.868217726765586
2.3873176352520993	6.716347267606862
4.230156683566762	7.373960303380317
1.318610276664271	8.093420632040463
2.1656008361334855	4.450592459952478
3.5428541312967123	7.119816431503869
4.280256446867918	8.539744460670466
4.869493781648199	6.028183874558331
4.547314994437708	6.816040262406162
0.6106543524075736	7.7268157015090395
1.6445629348199764	7.42748592536191
1.0083133952371526	5.140851972901463
0.10002053720602588	7.77490736588928
2.8418743081130504	5.045996184437286
0.6943233570988544	7.454365212856938
1.6931156506471075	6.0677404611598185
3.0072043766744123	6.915961326165489
2.160135544063539	7.3397260978046655
3.8984323474062483	5.769879732177322
4.459595862733565	7.117878983573778
4.496716839360032	4.531621718751842
1.361878821756401	4.473722857725257
0.79876459797601	8.027313954595588
1.7217556276043826	8.852875683188785
3.3358333443184787	7.057620301764329
2.4058371095155047	7.078422522314949
3.3601343737334375	7.018947209011406
3.093538742726091	4.300972784299197
3.6976950671106334	7.0172683559953954
3.8169171765598007	8.634660481469037
0.5304979117258685	6.331107981751321
1.6274478154242273	4.7769314315444555
3.491423480928988	5.290558098427965
4.649283681108336	7.323382570714832
1.0775705234516186	4.45434431870436
4.819831858704992	5.135171904704993
0.40309683160114906	7.163430432008
0.21111066531065814	4.759625868786392
0.9936006988602841	5.59119938099415
4.579914347596363	7.504380642651343
4.546949036775566	5.461118798269047
0.27756971175720957	8.000875403026726
3.675153188434029	8.388759174814183
0.25798206490073694	5.41839415111912
0.46463761046071195	7.207150964060351
2.7979317616491546	8.143200185430057
3.7376988131595223	6.518348223545246
1.1677285041728953	6.507260769289169
1.7813800737023044	5.714943666802882
2.070019664313158	5.191578933057648
0.19821405704375905	7.39366859715938
3.5225958731027314	7.444063894856557
0.7549783746936606	7.5468073712028465
1.2921540442863093	7.879258842751295
2.9785023980705834	6.541086114021176
3.051949855467773	8.990489475465473
4.700343245111578	6.682654542275988
0.785214716591473	7.951281481261384
3.2504567112404548	6.298491975005179
4.766935058655567	7.060084145479346
2.009604862995973	4.161935709244511
0.707240585665978	5.423881690519627
4.207344423196949	4.548730827319395
4.16992547107974	5.829758051395603
1.0893512782117436	6.483553699131709
1.3721168050435695	6.241334959851185
1.8313034161608437	8.931906455878593
2.971128849252527	7.526583030105594
2.2629458512627565	6.966756441290461
2.123153875724491	6.994413913481623
0.07882418542127234	5.261023447298351
0.20774582030990474	6.313633796792151
1.0493136714147573	6.358347011641678
0.08669726435747538	6.053613712223412
3.580005687242893	5.149105460061661
2.396942063354472	7.6097302045252135
2.5497436779071156	7.664415041854693
4.659446478568578	5.3382725480911315
2.625657945929094	4.208638360694524
4.846612915636074	6.6862339030836235
2.701140609888537	4.505105959519165
2.1265154580894468	4.796815923282345
2.0295144090587964	5.153829958879619
2.6149678660504287	5.834249566436393
3.686562387835701	6.645189004364965
2.166707771977969	5.005246619737889
3.9555600272493896	8.609618322153548
0.9178366296885487	6.768844734416139
0.2761142924660548	7.7829812301563654
2.59669297592679	6.733148872511304
1.4938761178235787	6.579905872585172
0.8906542992708311	8.666265110561218
1.7507372093928153	5.740170716245861
3.446200452538441	4.475077999872912
2.186932292424199	6.412305105745219
3.5014425630303614	8.883889947619627
4.489030586784095	8.117106668038339
0.5986389438457151	5.15205500360986
1.6036904645841705	5.9389923982948245
3.6718417781632393	6.3024763606454
3.395319788081212	7.643521071578517
1.37008408453138	5.548115429196882
2.565505217572062	4.625204117232358
3.209029715883246	6.476837766411433
0.08925105155638435	6.464006070558068
4.423403285630973	8.036246407424294
2.5074630374518243	5.318153246122305
0.6495050682110881	7.350824918355201
3.6298052595142236	6.1679095827115304
2.6032396669367373	5.267629486770513
1.142399683750689	8.481833020876884
2.478137134325165	5.522324409501967
3.2738422486902325	6.261969570551693
1.8836127952348902	6.392599274969844
2.6548773256410914	5.573678571402651
4.590201366003319	8.777652706294456
1.8709151565424258	5.4024805784166
4.352216840097401	4.548290829150949
2.467864473250498	6.091621138785987
1.0506302112792714	4.314239247335911
4.811070284180146	8.805135543788774
4.957425579911755	4.345446566812585
1.883081855515893	7.004729011075115
0.605225022918246	5.267627418705033
2.028208613988714	6.93312109247854
0.3642264622234592	8.883767181755656
0.6632018966556197	5.017701246707414
3.697525610761038	7.695952640445549
2.319280390592992	4.967435869714823
1.7833469837595695	6.832476528579145
3.0990307378242257	8.728160134296123
0.23687568301387074	4.5387815468448505
3.4521907089465085	7.356633854509095
2.571136539833307	6.269480384159941
2.413988021128424	4.244877997671685
2.706468191737881	4.187433709401787
1.8985646716288718	4.77948333391559
0.16084878508839662	4.867069952660834
4.723119249844781	6.058937093285878
0.8378643789635892	5.738331726771294
0.7733208977521666	7.039235067117808
0.5503940019012399	6.69151414388778
4.48161113672795	4.151361312379051
1.8558764022583685	7.614230681800057
1.5356297133805596	4.0072059252182175
0.5998263318329683	7.35688534610482
0.846891805311546	7.803378228109646
4.231997300012867	5.568397667041356
3.8896729455134804	7.70483203865486
4.886986166938948	4.532176893113522
1.039569678012282	5.214042638792969
3.5633734887231574	7.061898582794702
0.36181587058110143	7.794548768324871
1.1541012395083987	6.818874179555512
4.120840900311969	6.478515080810263
3.6384166996123883	7.75724502015706
2.1276906248860863	8.373341956431364
0.6621167792841054	8.764791171725733
3.4450756297260265	8.855524731230489
1.2779653728955616	4.59097050608154
0.711315550275165	7.0492085143878915
0.9779851869777639	6.585689179104502
0.4909790272971931	6.450158342208365
3.5514772230450466	4.248183839039805
3.5627887039448143	4.273076199756691
4.626417598180603	8.50140787762722
0.9147767152495689	6.494786146227565
1.0490246423580558	4.224239729436279
1.9432520382156886	6.911704939445412
3.989131381039824	5.430594883939547
4.578437942652465	6.165160537882584
2.789604268434191	6.9619692319358055
2.7473182953399604	6.804821085824765
0.07842491420686715	7.21169478134299
4.968107480561561	4.257783435782899
4.299189204507768	5.212635522482886
0.053423430817837736	5.914630995416297
2.4694053051211258	4.445771835610593
3.173470100730911	8.301051347110894
1.8047516308184741	7.829760409706826
4.087837339596953	6.887159720662375
3.8715688771531176	8.211584708629303
3.3828047514370683	5.578525331426857
2.045556576057845	4.501971091977275
4.453884449039606	6.6403313924064165
4.715653272100788	8.587991154970247
2.832234180770717	6.248432298568876
2.0263594098242237	6.7222184061611765
1.8496753218443858	6.724522037780645
3.533265604376939	7.635477802566955
4.732329012548526	5.787201833163797
4.474408721876943	5.7929306506245
1.547188019757334	4.010276008039126
1.9993496793000043	4.2805037753368165
4.983603189738831	5.996083700293587
1.879248803017231	6.517299432152845
2.971265589634811	5.102350466963017
4.050657415391426	8.958781791351477
1.059987143368199	8.834145664873255
4.8255607223472925	5.23334816477603
3.5300747885109756	7.848726399386653
3.3446103411564287	4.708523939473583
0.6271787625134678	4.392170290744182
1.5107709597451553	6.962173654955637
1.7508493239927043	5.547183505392757
0.3295055652846307	8.941094794385926
1.7983748290348927	6.598362927573855
3.9586144135452574	5.114190798379481
1.5988718531195616	4.947376597619633
0.01835112367419789	8.386786548078835
3.7683441083716858	5.011480467125468
0.7061730008390638	6.984889578408853
0.7823357570978767	4.843176749243645
2.683941721436808	7.971990785759665
1.209146764098571	6.014294846067269
3.7054023098185453	8.62878260271074
0.5321357786743092	6.770048037392843
4.061769352619151	8.964044206935725
1.7610731263119468	8.192596763646321
3.6424385543040265	5.479156025091894
1.89644211121897	6.612108055258114
3.056360766377068	5.992873529439067
3.4024311155729348	5.6207444776444175
1.4863928803116888	4.619185167311082
3.582808359572271	7.517232220353967
1.8887197913376204	4.283388036155424
2.7263108137854797	5.4844641390496935
0.27763478335462943	4.009409720315265
1.9950627829712742	8.281960203121347
3.6547195749536145	4.974251435052716
1.3015959189527853	6.192802235490097
0.44105953277445153	7.1430732890820945
4.176776100717746	8.773578993735377
0.2163056299801297	4.172180732553566
2.890683283043801	5.604124733012334
0.8079698459647672	4.250518937377145
3.1436289675451006	6.504202330020501
0.42757160387747184	8.652626729129512
1.9936581396151465	4.130840172387419
2.150715599084462	7.733127287004994
3.0743767971792755	8.995350088328644
4.83644200982251	4.629573310657053
3.1791137989862857	6.555816187966658
0.17952300505041152	4.761571478898159
3.041326059919574	6.880574943866026
1.2621505664741361	8.449593910155222
2.039009946179921	6.685182470438282
2.700035266629095	4.182575069160908
4.444375479122807	8.559187264180732
2.4439990638191738	4.45901463025546
4.216655762443388	5.988532691953733
3.5736644468952083	6.5757242683749695
0.3255352593890093	4.675663400811998
1.8112806928298375	4.8552374847087325
1.7477021828477595	5.290830879448602
2.572057114868273	4.045575949324165
4.596990799518998	7.895497770825578
2.9283506108357926	4.5379856349058425
3.607625896867677	6.816853655603779
3.560429052879643	7.487822213095061
1.2476296945373715	6.733555202837574
1.0983929797798375	4.772365359948657
3.106288275285605	4.4736272114268605
2.9101916148266427	7.987671262394658
4.640229577155713	4.595225053375151
4.92395118807729	4.032315860756894
0.13934929517575356	7.949602895923292
3.6403948931935117	8.66650328153381
0.7683512299552858	5.478301102519383
4.374295175505303	6.937391928036954
3.1451870270009863	7.732645752448236
0.6269049064360266	5.739519714064597
1.5203215588058798	8.403731937955229
4.224852051033528	4.690085202369092
0.8649718934421785	8.527786665206522
1.027678280012903	5.414099028755331
0.724852202488096	4.516784085831171
0.17948061815016458	4.0269806744194705
0.9143033282974616	5.767875410266463
2.4479252932503224	7.893215536741891
0.46940248678878693	7.787389943425828
3.7118598666744957	5.309472765859976
2.9513626149857917	6.168405496176953
4.426956446207601	5.597776160249649
4.40386822523227	8.510309257617063
4.8043713819570435	4.360713054859392
4.129799688832559	7.413648226889545
2.78875709091059	4.707894432553471
4.673038213119046	4.253159919712614
3.2012869675392084	6.937790467979497
0.5860242608277927	5.126320481358421
0.8358769957719886	4.853663012244822
1.056284266267062	4.126724815380721
0.37923470403943893	7.093561513592652
1.7292433321523126	6.662317595095389
0.3625424574562519	6.3292411315411545
4.368057266120918	7.1793868642400485
1.8587051357733126	6.53904493308736
4.845090956704169	8.783063746023995
0.3033455184934114	8.390558035119568
1.9026148725931546	8.369189000002583
1.2885056646286936	4.018343958352757
4.831863732409949	4.936668923831599
0.53076262154787	6.227029111730667
4.035605814468776	5.5299284684895
1.433667167309327	6.133120769017308
3.316977869467097	8.429341088261696
2.3677367785944474	6.689515763075125
3.5337724184935486	6.934756058587211
2.338025529595849	6.454888901002507
4.6264035067504565	8.935499807491173
3.640913269792203	8.876346656390222
1.687921553718652	4.834610200729633
4.2137863354721325	8.384140808227734
0.9848442020942166	7.725857523936186
2.2553096347589223	6.549387181127428
3.7252559518228456	8.491837609439665
3.7020838355998906	8.248319561077844
3.256373893690455	6.267598679462246
3.668327357021586	7.767388137022182
0.4332413265266627	7.212637611700555
2.701070273883902	4.485313022674789
3.323626302962117	7.775052806943471
0.15919357866552353	5.123818301007944
4.46469879993804	6.356164587859622
1.6693530522005628	7.334771921559538
2.288547968871646	6.280130674715286
3.1919010714859746	7.775777091754301
1.4203396190842155	6.978156275706857
3.4659002725501793	4.887213904395389
0.48061441587188003	7.364559469450928
3.513683182483854	4.052481500509387
0.659409032805291	5.440176735282038
4.8119421863911676	5.783609784746323
0.7041691689218382	5.729208060158355
0.209777523409988	8.935917350858253
3.8235421117410686	6.892825988396532
2.5137345709839987	5.2111589128344535
2.9795318088838982	5.271183280503642
2.8500804311803654	5.25296806925509
3.7651848530074687	6.92610322655935
4.268133288845451	4.947456124230921
4.119197795535873	8.856973522503864
2.064562147031835	8.67312483300459
3.806061509702955	6.102891944751189
2.8872466092432965	8.793630725440298
0.8797844181309361	5.075950059735804
1.3777371102691138	8.21541558676824
0.711493578986519	4.4520026719381
2.304430846528756	6.556340922384069
4.8451035456075076	4.053381381307757
3.0886813245978546	4.8119656868722664
4.589469749696063	4.3871326135479105
0.04317444607181309	6.249705337822667
2.609080104517692	7.997500774185558
4.799055004587981	8.438620695730865
0.8929173351802239	4.3273332278693175
3.1032460856707282	5.5026081407021685
4.1950486523419634	8.306691226877533
3.0386685498963892	8.214917972195988
3.7050539429926266	4.3204432409411275
0.26503909549304927	6.698806958838459
1.6792951421319562	8.749902665547811
0.606201119908113	8.873230456695381
0.1333901861370851	7.187368754330411
1.4476751871327882	8.950864529137956
2.6302946602491835	7.597303993819553
3.0703224568130456	5.785019113234387
3.5714781431754554	5.931433433636162
4.272027726720981	4.322673546997813
2.5511740813482375	6.377324248263601
0.15798977085096255	7.186096195222743
2.6197791727256607	6.757279296549264
3.5477376481506866	5.676402654218966
1.0311675058480607	6.977181691802144
2.146667621569707	7.163129522743594
3.931159165862978	8.828951181553316
3.8863439764937087	6.942967604218997
2.4279837571927496	5.588748261361037
1.4334225611782996	5.642621787827568
4.573142069326312	6.221524358455067
0.4688050675798183	4.021314850141259
4.860013370446283	5.35954872752631
4.310795716904162	7.68274765038702
1.2504044248060135	7.680863783715317
3.9993467340679416	4.76172654626172
2.3118039732449636	4.096184409849443
2.4797822834293286	8.62668533616491
0.051427328024988284	4.610354497302806
2.12944110067504	7.287233804108934
4.31293614395508	5.318671159923158
2.4190048121701073	6.144271227711817
1.295403947730604	4.632000451275202
2.9516314759595326	4.381438415093665
4.672384134800133	8.40834809823224
4.853622472034064	4.3103686634210465
2.0307786281585223	6.199147404718829
4.243041522552943	4.3467225850463285
3.8164516633461103	4.619848218147948
0.8216236105241226	8.46267917045663
0.18589119824325706	4.800583372837419
3.177041021677121	5.447580392308294
0.3766032859119478	5.561392124883609
2.644942848787112	4.056583898474321
0.008242323465068035	6.9909125600146815
4.045894907539195	4.528495199549931
4.92728264992411	8.24176326677202
2.3895364074435044	4.053130375899267
2.8782432831669533	4.417169955596427
2.003712701948201	4.070966736510434
3.755223468899838	4.235911176009055
2.1242200485492257	6.417775153897596
0.8526487433863245	8.10033261917168
2.989753176635823	7.9622344671048255
0.257240550079858	4.616120958288901
3.950760125916082	4.256292359961473
1.4473799535261929	8.428709261800279
2.1963323362699554	4.750360144319542
3.800381528750627	7.5401550911422035
4.144711952266912	8.285454893151798
2.385032442754925	4.0017490206225395
3.2221217196651253	4.42311568678881
2.962183449447968	8.063029424043602
0.17773097776941582	5.503143570873465
3.8049642384861326	5.075687012950959
4.298409472888658	5.276383692684629
1.465518008748838	5.508729018868446
2.8691953845279032	6.5453744162759016
1.8356403469356997	4.1939172118156565
4.075682048112986	7.923187316820878
4.765138571746323	6.8304569791808385
1.810870920530081	4.956461226932705
1.0346404680486976	6.808134319357054
2.070348070549535	5.10566213545606
4.799355778694895	8.750681842057286
3.169583365853872	4.784283519599922
1.043510029952583	7.350527992822122
4.099280198041558	4.814102371634068
4.00075869348961	7.506141772576038
2.3538009783363494	7.732780899113006
3.5023361911442747	6.112457309507376
2.7001676595822186	7.334762387686515
0.610416497977545	8.821792300176721
0.9833831763055756	6.081190618087712
1.4706009778350904	4.220992222821141
2.247390745641919	5.505640620091031
1.094953675187826	6.7889660004296495
2.3880718348314773	4.9573241677487525
1.5305911460179438	6.9457819476428835
3.905728404789289	6.645604818217957
4.895503396249284	7.132583108889557
3.976783323377636	6.004742385464428
3.9966632228694046	7.593140589872377
3.6782084082857036	8.019077970628754
0.5725582833621257	4.870647460163843
1.6387679655097425	8.764345142358588
2.7785995621266113	8.402902176051828
0.36778231439508147	7.882650665374611
2.6675595870990794	7.35895428202253
2.7466242707518314	8.487711097531975
4.401383046195465	5.443071701241516
0.05074381471870115	6.477232596816629
4.719226351305503	7.793896146613871
4.390399012084626	4.205587244218765
0.1139695296017934	8.07418709358964
1.544801349466098	7.998874517957147
1.4388189149807928	8.326511485946899
1.8880342090975284	8.69258266600565
3.7335259835910897	6.741878530043954
4.319879777487636	5.019706964552126
0.1326748319818133	4.888506481814626
4.494519541891769	6.1246621576273
3.565858856837683	6.551874592923795
4.579639009192839	4.5465647383961745
0.5006042858225951	5.473154019146872
3.493471963588595	4.337266844347529
0.9939866094942462	5.961616314219688
2.452838362631616	7.8968212452037285
0.6864747783814396	5.0489096783698635
2.8417735832021385	7.646398580539685
2.5310973362289726	7.942818857950929
0.46319405499709587	7.155239190989585
0.9911369258708252	8.966170373672405
4.526022200321286	7.651306940772364
2.184369023589924	8.690491875189807
3.2593449121187983	7.6481253532323645
4.997795875199862	7.525600232725169
4.191400642543392	6.213100741993035
0.9714590836446524	5.348686968101488
2.695999530260319	5.161413347591477
3.0280271774798804	4.064685356235456
4.119480458136967	5.908041753365718
0.3152001418236139	5.466336711952874
3.3467685895770094	5.298052266734594
4.26607396585365	8.581900683993211
2.0486540242556357	7.212321786289097
0.7477408970447658	5.580911903563969
2.391780106571643	5.468957422046427
2.258810637787984	4.5878767481403315
4.2254067539978415	4.19251941003454
3.083290441874089	4.189977683830759
1.3959122941409978	4.701339771463568
1.8996145416138643	8.142473534919063
4.744500373605627	8.104752832792766
4.70409602784221	4.581058702032557
1.7700304782848901	4.617536342215169
3.0699796415673952	8.35171458540579
2.3818711598694757	6.042019159408349
4.054953243403737	4.863035111732581
2.3790666426498053	5.787623814158014
0.268268453365878	5.559365030149905
4.247146388077287	4.139298365185789
0.035394693252858156	6.313733218543616
4.490338994041237	8.985199479034247
0.7953733154490539	6.392797011712922
0.7595212415100255	7.046057925651374
1.848764553748858	8.126345253441736
4.636071601299445	4.847444495227729
0.39731687367693	8.141285907217235
4.670937910621616	4.399160195794293
3.065263802422651	8.86843235683566
3.9827918865985854	6.181348219734396
3.4538227558589925	7.711844915145338
2.738041504316115	4.205682217404937
1.2322116415028783	8.394790074857791
0.8264250817157209	8.883801007792899
0.015419352992762092	6.249232744396717
4.1591553245947495	8.764107365254969
2.0057089104824883	7.030050861055837
1.0288315307835765	8.928366515963482
0.7255703819205517	4.766479863040147
3.850082623968825	7.596141544669742
0.13628938863745277	6.23447323843966
1.83400829103936	4.969489363613082
0.5539102060393319	8.84844125364728
2.6882325610810964	8.173526726291978
1.3180053395660525	5.2073229287663185
4.620098597507104	6.114185406536305
2.4018454038807135	5.112711458158545
3.7855013365669548	7.2691310240854214
1.4909867966276473	8.173593553029368
2.8971596582144605	7.157466973389472
3.0978567091118725	4.583953497911064
0.5538828531422951	8.285972160148354
0.13261150980179381	8.349882654607859
1.7205636132595725	4.589805213433306
2.9886333628561386	6.10983656209771
1.1900833522106642	6.159514764976214
3.0005953179340104	6.909513867855869
0.390558328563953	4.3280997591202865
1.927615692941741	7.307239980793083
4.920235741026815	7.55994680785318
1.266443629230107	4.982084502451186
1.036411429765276	8.241939155292382
4.746141140086912	7.794482662167264
0.6531275236634171	5.377873051695978
4.565419477501109	4.871498896094066
1.7334284776522217	5.934812179992722
4.951390254678306	5.022542599275133
0.062042079028973296	8.85868071690625
2.6228233228768474	8.512807413276024
0.5289786352300357	7.751010963084421
0.5895628220771143	7.944850817430979
1.5539681722080456	7.896212937401856
4.896398904564224	4.185212867470771
3.363478749709614	8.26956305195391
3.808116977025694	7.797803649176282
2.265632304737497	7.272951072823666
4.590804873560036	4.953742387211726
4.399637526191766	4.869096989363334
4.134237324579311	6.832315203353829
2.6495718377237027	7.317976422210051
0.9912931704858241	5.5208629872786545
4.176865437136924	8.430681028508243
3.4549960916259574	8.241448865615574
3.6032422217827516	4.4799783359525795
2.061057531824299	8.20745227390609
4.835846841562343	8.848293230021543
0.7864798619440616	4.119641495277806
0.03324379007659861	7.815259404964907
1.1272181051900076	7.414970243802468
4.339484792367508	6.429180005610494
1.1795176630287774	6.1565798176469295
0.4746476289472812	7.155563752292948
3.134687362731951	8.147407002294223
2.549583120008556	4.099146214850066
4.169502613697539	6.0279751966884945
2.8553339278913104	6.471020726323189
4.820154439151555	7.106719126190205
1.5162520213180175	6.172014584367162
4.105692583242895	4.09174046164674
0.25317863500790294	5.301345453024835
0.2768672381177334	5.135608268446827
0.5126964936092154	6.936217369368981
3.7818382910991915	8.507111715133066
3.244631689845118	8.780081828625331
2.8096298155535355	4.711331877137551
3.683255689469422	6.904226945580731
3.080540230485572	5.634207443241307
3.37850120846116	7.536841495843866
0.7656517644519528	4.423128456204885
0.8225687082225797	4.496315295773083
2.2491245659527643	7.126031283604277
2.9766695045984717	4.331799533405318
3.3646088546654926	8.659606214004157
0.7795980288859589	8.74386835559015
2.52511947324485	7.940556280145188
2.9768084723562254	7.099217390586331
0.6505609516120581	4.0491781163385525
4.037025091438107	7.572076968709776
2.3348040159525962	6.467210852700422
4.618028234060433	8.195344330907607
0.02942202074240119	6.452228506938735
1.142361899769036	7.450926240469974
4.548594281005012	4.903632398826649
2.231395045514189	5.7872272594110115
2.019091492062863	6.632577029669786
1.1777523823328595	5.6954662095082265
1.5321304829548077	5.913494022526014
4.206438976123904	4.6158888598833325
2.3260448651558496	5.632069069774068
3.0786983467931144	5.899302427701489
3.2476202796053624	5.182767728694923
2.4771474665205573	6.87650683769256
4.45735627073596	6.411719734840049
0.9868018137504259	5.705391860088765
0.6527652251816368	8.22679841691707
0.2783108261454553	6.649689870679301
0.7319528042030787	6.813153996422919
3.904576734179762	4.281448194964275
0.336241220828582	8.779959672198125
3.8597517462280067	4.358837063292298
4.0293656763623575	6.244689557854491
0.24013063497362874	6.212500499917521
2.2094644259209133	5.456730671763609
3.7406988719430374	5.32060253966381
2.156074883188512	7.082028235903271
1.0074373563709877	8.903189527195828
1.1776772401732787	6.629486114600731
1.738476196048571	4.631051257625223
1.6377366011429573	7.824680485965723
3.2434993001255084	5.889198214736256
3.346388539942237	4.328287823031043
1.4531014633951407	7.4559818209257775
2.7515922305940457	7.477355707990375
1.5526815337560995	4.487711654807605
3.9411558620891345	8.109449780692568
4.572980630712303	5.389129362845019
4.995030892615998	6.859382071264896
0.683202961776852	7.031387396618347
4.003585169706746	7.671304768627758
4.596993523143965	5.600439245746586
1.3478023569844089	4.589891392838431
1.3839981296883752	7.188077124326405
1.437777569661642	5.222423750431903
0.02811096574470706	7.171156776227524
1.304944506478657	4.594210703917295
4.3855617504000985	4.885210629371786
4.053704020195944	8.131072043824885
1.9944101111576433	6.627271755185916
1.8731047239005343	5.482624380074691
0.7421985610761839	5.9407357295064305
3.9732544378896733	8.591507981569926
1.7151143592488882	5.099165276330713
1.391655611612432	8.804111186094584
0.6580920209183799	7.8129720054241645
2.960779999565964	5.577259554321847
4.228516301432349	4.912558892084116
2.9372504755799786	8.753479939681746
2.867305751051809	7.99400346534516
0.9383433905207811	8.654227002432107
1.7775793411334329	7.659304257730134
1.1856789614739127	5.295312489981935
2.1118443987958884	4.982417416692757
2.1239605264062504	5.339670946425012
0.33637622152199675	8.911557754744702
3.308685640285589	5.673644902371501
0.11196238468033748	7.146999552203958
3.6708343492972166	4.369901470313792
1.0598281691240956	4.79123683744108
0.9735955062070673	4.993338985604951
2.752596280909489	4.338869757410392
3.2067896142030614	4.671825469087685
4.340473181872088	5.137174926198545
4.921267185350514	5.695279930798901
0.1728399404419595	6.108486671547853
2.99135435802186	8.424750791854718
4.117012953154325	4.616603632516147
1.620783703102494	4.55770622632431
0.7734241362059474	8.91882591685341
3.026818773045016	4.701760332870445
1.1420727350088349	7.995098022854673
2.4227898986514567	5.180971043273104
3.888265191223381	5.698725338655889
1.8895579980138244e-05	4.460848998451749
2.4697711810421463	8.655649101356655
4.973285303752351	4.931554531160695
1.076094617644174	4.542007990968786
3.524056150194947	4.218972803405625
3.449471524331152	4.722603462235271
3.106681933351342	5.417614141817525
4.533915730618533	5.871058928037708
1.3917921401995248	7.393205713800874
0.9947960073900125	4.442961487575489
0.49323465442526804	5.20642128527952
3.225070129562298	6.445130990212418
0.784220039369416	7.4029689782726615
0.6550825478218353	7.302925366322224
1.2179885884040424	5.09930726136974
3.4632104042743963	4.3305593279330905
2.352550650131835	5.592975134025381
4.1973330628152645	6.534914782529713
1.0283934030164499	6.482920151362848
3.192307671893892	6.605513331153659
0.7923755346505651	5.12410947929481
3.2509188798210453	6.97311859814109
0.9147779846481124	4.9842315020768835
2.0173424081207765	5.8244305903873945
3.0575613810349815	7.007292571698264
4.236445771872083	4.1321588214141505
2.7587174853923067	4.415974172525913
2.2167220659159192	4.343703162532783
4.543383539906582	7.0761034894739865
1.5646631318454602	7.195929088980004
3.501091158450296	7.622499928513911
0.2782308443049758	6.085790106352394
0.5380411885129827	6.27211996054168
2.5418848818416544	7.96977668323246
1.7403443526532403	5.565051434251181
4.394549374454509	8.238367192634916
4.8688601680402765	8.931827657436004
2.4873249055148516	6.198076111630581
1.6518722443013845	8.89481686605083
0.9649722697636914	8.958211923905916
3.871003560249671	6.4028898713658755
3.160431273696867	8.417653233469455
0.7717199588530499	6.8330813012768905
3.299875027104844	6.143410990979695
2.996390962814381	6.955921721359228
2.10635782841265	7.554672209235447
4.0797057863152135	6.064268860212892
1.7882515812378168	7.302910480598308
2.928782775638335	4.196707996617581
4.158152654834683	8.129709754826319
3.526730403572789	7.974727297252555
1.6753200124688516	5.861679560973898
3.016129968950396	7.011929855833552
