seoul,busan
1.0396718126445053,8.433929125941368
3.2126204663109448,9.85455258297351
-1.2588417516447319,5.381084996264184
-1.257318545966564,13.199945321698
-0.5178258627800373,4.235673265276583
-3.4755192890634734,9.813047807182182
-5.068619893173737,8.55873452189209
3.766771741546417,10.921514941078511
1.9357804366771243,11.68928994760892
1.3278103842920537,8.455603324848957
-3.8193891453278095,8.69551652605777
-1.0978541743243113,8.96017790808388
2.603616957681326,9.571737097711502
-1.6574893088210483,15.255458950281046
0.8284721409036522,12.54905819273159
2.891428344878835,14.936353839313774
1.7653278315687273,12.313925566807388
-1.0881149961194638,10.814354871847616
0.7438849332401412,9.572368852107298
8.45847991438614,8.190088819027475
-5.639534460047522,9.694270613937839
0.18241391169995705,9.958489493345757
-3.5993730310927785,12.06146811020735
0.046927439710116606,11.334840240381748
0.7440235382926187,8.28195809468388
0.178402215170196,13.608262733944258
-5.039647911813357,12.958212657889813
-2.518941861512404,8.436335862695962
1.7755879015175,13.91175679015723
3.798983761146469,7.783462747653449
-0.637875207876185,12.663415939058554
4.929932478282819,4.73971668545234
-2.664824386860548,13.458452621418946
-0.33626655453979937,7.10702169008913
-2.317391138150237,14.038772959570823
-4.210949049882287,7.765773829010537
0.014373029029694269,10.16289904664885
2.3792311679268936,9.341295775836974
0.3838778864019178,14.27139573092696
2.7311439628180345,10.201805540698661
0.9804082201381077,7.495074573628364
-2.412116043281933,11.655668116891048
-0.558795588013209,10.932004613805118
4.185278727951008,7.605804161126561
2.8837073361828454,10.395108065620976
2.8483904859830655,8.30413612761372
-1.947804945038057,8.475540484419822
-1.0234595079096593,7.520681395393917
2.51590116014319,10.941364986579094
6.448320018564841,7.854618015754682
1.0027901634563945,11.012005968067928
-3.009832491284931,8.765296096693305
-0.9897185579035461,8.333844638303288
-2.346534816302388,15.388895483035508
4.005755681987928,10.428763687227862
-3.1913108613173677,7.951444508219454
1.0577523248819292,8.153862356663222
-4.338843642776931,10.361331327478052
-0.8042922517820086,7.639690237804054
5.056581683492846,4.88415664817521
2.1833316555632836,4.7562637628413285
-1.348306872896154,8.389922442220122
-1.370506364357333,5.693489812708919
-0.9664474601851458,8.924527132675326
0.5311995333379264,6.848853200966175
-0.3502447967903848,12.588476101918081
-5.840087713018881,7.593562937025302
3.1908081237926993,5.119750545018897
1.2429693886931814,8.122653543267386
1.2032733480721505,5.718163652717093
1.4877923240367448,14.770347758358575
2.9678416440966036,7.924870042298272
-0.1460729213880007,5.949873003913952
0.18889461269630342,9.646395115326925
0.5364677312871023,10.257319506032687
-0.18912164734245882,11.710541573949058
4.655187714000423,12.242972200877059
1.443970551428146,14.571935278115923
1.0250222203683355,8.266478242953335
-6.2064825994586155,6.651002147269454
4.987714383842397,2.6183592152099955
4.478382440055087,15.562731920177331
4.287652778898907,6.3621367642597075
5.446892326004025,15.18522040134965
3.8445352192514983,10.146522656544976
-2.7882983889331268,14.830380107708097
-4.408137107025672,7.405305656685281
-0.8450734346571971,9.781247200724145
3.4224687996120102,10.504173600263607
2.134695522352268,9.474302978682044
-0.23649571933950564,4.964090758256697
1.907909528224911,8.948859795408987
1.8393544705961509,13.334240298750878
-2.2804867477999617,5.759103933063654
1.697261444506767,7.796805600036012
1.0613654076538164,11.079136665679853
-1.4112177805756771,15.315094630002628
-2.5767871709785464,14.826150886947154
8.776170688006212,14.487893460945779
1.79228521533978,12.22273673471451
0.25537177443286646,10.345983208987455
6.374487443235177,10.228643279453904
-4.166695009520796,8.33375591965885
-1.471318532142353,10.263214586494858
0.028931361549190952,9.546323524994982
4.553150803597039,15.618436800990068
5.179186340617434,12.268358580182419
-2.3238980459343734,8.00413219413112
-4.985961444421584,13.247551143945993
-0.8761473136351675,11.571376245453326
-2.226239677686894,9.260098102297793
0.7246952338062184,9.882070607928714
-3.2753200787641985,8.36326291831949
-3.868736983063546,11.38273719561981
3.8944095173479436,9.805032657356579
1.1611940913776722,11.944291264052843
-3.182929899931824,9.59907372440653
0.3535617705109971,13.288581806317698
1.106856423197077,6.96102666276582
0.14131010028657648,8.204169450034431
2.022110839407971,3.8071631759236535
-3.432058215678283,9.51903299379879
-2.122673859370152,9.524254022069249
-3.3498991162395266,7.270892239003391
-2.7867858523035185,6.088884467844312
-2.8840166721519926,10.820373861097787
2.0684138113449695,15.862776876317573
-1.0706009062998851,8.882635692456999
1.5480987638243722,14.24379545064421
0.3067569481305837,10.493205398943092
2.0406427832551985,11.81777412705279
-0.12962293904897026,7.5413571951272225
2.019999649012408,12.37720986379746
-0.2910969184684794,11.368425369941432
-0.34067814856338013,3.406277948226478
-4.7279455291074886,14.732804567335318
0.39474864120708775,10.5565576885636
2.4819776746601314,12.78243478178203
3.487809125070802,12.1621717062112
-1.1162635410095687,10.469933646232269
-2.4782571465086742,13.541647904136035
-7.898150320254285,8.184558668426469
-5.401622996069419,9.736716466420958
-1.768832881888643,7.416736600911648
-1.334053566987268,13.29720346632709
4.566323026197622,10.562935759887495
-3.0165577970361594,10.728744103760105
-3.214239941461316,14.417240806869161
-0.42368795732881503,10.429742000114867
-1.28118657032251,6.748306641559721
-0.8110540350228398,10.234925813996826
-1.3868775945384546,12.043916170136328
4.8274012446869445,11.57531265507129
-4.738469463773969,14.584590651020196
-1.2356284633820664,14.869859908221796
3.0332178817526017,14.434412448521094
-3.7186518153769894,8.292090255771907
0.9471575670888941,9.205754661199933
6.26975305197921,15.276013234016784
4.181826576802817,11.136283141746883
-0.5845941571690327,9.78021389046783
1.9554161100577079,17.10691849708582
-1.329523472945012,8.310961438448153
2.7553521073964493,9.601354437037944
-3.8568998049991263,6.689384338304613
-0.8166670080967702,11.450480883939397
1.079328077205487,11.403154450931003
5.000974833341564,11.981667809520044
-0.7712622609015098,11.219795504133064
-1.9266219377526137,15.481564364046736
0.9406041567231525,11.83527915903233
3.6344331435342374,11.08179946170163
-4.143309167768562,9.603679485990089
0.7486686933712892,11.266631520761525
-0.04527804769725601,9.953810456375258
-1.9630260348984163,9.900832913463827
0.5813690228638145,4.72485708605304
-2.671744593079246,9.741085133417558
0.14431108003124304,13.091506733382914
4.695462175307199,9.020123926037973
-2.707564983446946,12.572585574966102
-3.3724939015573128,11.077098782740606
3.4747627238711916,9.852107104989289
-3.273212376313447,12.440661219636223
9.191523055222314,13.991057962369062
-2.589996804449062,10.152268451650228
6.587252334207838,11.261942980811106
1.1301538401939704,10.966498635251892
-1.609863826213255,10.389559082174356
-3.9405929139204714,4.175284010852652
0.6231795582153461,10.238026782636464
2.776195738426402,9.205534904452444
8.814490541543215,15.684626005366763
0.6225118944365536,13.689520506893627
-7.312286827363726,7.536956730613383
-0.9183425397096114,7.882409194936088
-4.324332528032816,10.713472307847631
2.3752942383613487,13.482019095809262
-1.581969054282104,15.565999230195434
-3.2100957272210398,5.394872343200668
0.3074201623907469,7.606197303935745
-1.5025737377106756,12.095290081061789
4.871120697672818,8.03126751955498
2.8214090293711376,11.18529756741247
-2.3908775444192982,9.913593179801397
0.7158860550037031,11.698079597571837
-1.839686841363466,5.795619773315514
-2.8540649793603516,8.000770416292921
-1.3242360222173306,4.1861507961918445
0.7223372307747382,14.21334333618444
0.9248123099864316,9.729506130377741
-7.249397480746967,2.3435218165541825
-2.161741601454149,7.0616075704927095
0.016472992822908115,6.540008397412915
3.0082593054791333,13.763112415179396
-0.3079918401639659,9.9476657998995
-2.6530778979250997,16.14296226842827
7.767201345775462,7.448239170700628
0.8390957893047227,10.347108734812842
-6.577937163082571,9.400542803270277
-2.9533792885660946,9.656538888339243
1.101119109568942,12.175141228816017
5.197930807564133,8.711735478600414
0.8147093297445724,10.42759404923323
1.0153239769492945,15.632956762631649
-3.9861333067006988,12.935633820047077
-4.307928151692129,5.909844757959917
4.944634817694779,7.923245956975807
2.9539493400309595,9.99400579595142
4.397950648140766,5.548347097156778
-0.09914715100421673,11.832003837531621
-4.052267542078109,2.3401657490678778
0.8638782060970961,10.101005444541109
-2.236892583051034,6.685607967196113
-5.07812662185795,6.550635504014193
3.0488762198313624,12.535059617519725
-3.148906621281229,13.723857450505024
-0.22038491566001633,8.679906323812133
-0.7391488898025025,7.7634890167300075
-1.7650275108865427,9.637340208624465
2.13317219466659,11.240286221249784
1.1159782671283018,11.000929719345296
-1.8781550477747966,8.203852573176883
-4.766026119992917,8.528649395954844
-0.9288471132651821,6.9188348100526635
4.946738974475398,11.880915561840288
3.629563014193818,6.624524344537786
-3.4650858526225026,11.496892088714969
-3.1715586404688754,12.059833141595998
-3.0329180537876046,8.456908505629805
-2.353321720907677,12.055347748078281
1.1368025617438913,10.899663815897458
4.444626998777131,8.589846764698056
-3.204010763655006,9.011346832059385
3.8571760126965744,15.423782348985592
1.0580993842307203,8.890248160948751
-0.7220622384715608,7.790000481367063
3.0915198410070754,10.952923601210744
5.527548506359393,10.883278214821171
-1.6510389246463038,11.674837225650096
-0.7874032391590067,13.622102714862006
-4.016724101823084,8.029048763311998
1.6514074516645056,10.22475229262936
-2.909804904003235,10.55252548394008
-3.161208924628027,8.875442469722913
-5.885033644169761,12.90308476155192
2.7508114503693677,10.929768054809392
-0.6381007257474887,10.762840795154982
-3.8958308755205664,12.1249249602679
-1.0214875952792488,11.256483693755534
0.4993653507118273,9.24704618789036
-4.286058917335289,11.863691928479426
-0.08444102650208743,9.741341201103518
1.4263671263725732,13.43374042344323
-6.575370113010095,8.410412425660766
-0.9411424489731798,7.781954420901732
3.775953071997318,7.983733496707285
-0.9182166900659379,11.674464520407351
-2.002614344869985,11.151326061408108
-0.8797228146094442,9.951262116321649
5.262035237236647,9.666819518442242
2.0013202518589646,15.69997616318406
0.9213751997954098,12.983640396741944
-0.5591177975233097,8.165467210994652
-0.11567136602105346,11.347047448989253
0.08374999820924683,7.516934743946093
5.087838658868522,11.551470371367756
4.881414480395561,11.730890202952075
0.7576517775315996,14.228202056597103
1.1889467656973975,7.848073200783492
0.1596938711969158,9.425438219028266
-2.40052959669491,14.855539846218383
3.8422884150607866,11.353136838117528
2.7278668967722615,8.126860242448986
-0.4548069691717138,10.177090694826795
5.087083959509821,12.751720889530949
-3.993832031405809,10.972940700883278
-0.3687339375224096,14.401458569536658
1.591951987346331,8.294923017775822
1.085046341271363,7.088453425052059
-1.4499520287765497,9.154147873239044
2.519039761354916,12.807143036680422
4.367108657490039,11.616344014182484
-7.164041023195255,13.515353180911358
-1.6699690479199352,9.658987291693624
0.3384603117468024,5.958548893100846
2.2943544784630703,10.648730759323163
-3.7588898043124015,7.87889939248012
-2.3379907940630558,6.654680197950194
-3.856582176604845,7.504641077963689
-3.409825049914569,9.851104946566693
-6.7955177757196115,7.971440466128383
3.2915002326226785,10.904265307640307
-2.138362622099635,10.567167934356172
-3.8912291412661566,10.404746946594365
2.5701313244767,9.256907702395932
3.6571431338779314,9.974123838855531
3.8222279267736896,12.654366327659089
-3.1975857226650373,12.044655884630982
0.4458449774482435,16.513610372110794
-3.960824373029043,8.039497046287723
-2.961446361673864,9.830184331690342
-2.3137291204224044,14.062336830636564
4.600591427895253,12.2740751968106
0.36636879483059537,8.96507058121936
-6.059340026617423,5.627323666790219
-0.8610317920156281,5.916060923630797
1.3752936002449774,8.714633551510222
-8.521758112600343,9.509725758994025
-6.4529446034337745,8.47829946892322
-3.7676437224088515,11.537428892048572
0.8686416194041973,8.842979021540394
-0.2211207108908495,11.903538117029473
-1.633492077290482,10.648357895669442
-0.4517170447226044,11.921281092540948
1.7950498648084636,4.4483396824631525
-0.8399595380114034,12.25526350779522
0.2910496335898306,14.354664047907242
4.083212263675833,4.824956269181207
-4.99190145773629,4.249993009749361
-0.26673328621597164,9.668121970982769
-1.8964019371264977,13.211812370064317
-2.673026533957104,16.54809452661869
2.917188030449334,6.900835932354634
3.3224059044496057,10.00275159643328
-3.3184996174971566,13.261325586025317
-5.237773141761229,12.815624063256562
-2.4329372557629076,10.691448042004167
-1.8474861359700858,13.818689590913166
-2.791237742269801,11.310278484571029
-8.09658373230953,5.774054347198127
-1.454015098015989,14.353655969251879
-1.3551194425651376,11.138396522723177
2.1951064706856727,11.018922299236186
1.7426445700725925,7.689173938206852
-0.23874002558754578,8.887053254349238
-2.134684252421787,4.217537621375766
-1.222892537753455,12.514316681960505
1.181066095682301,6.010024563759691
-0.09151554346533795,13.46684028404997
-0.40353738336858874,10.715770131460987
0.6414197682411317,9.514221306627054
3.722260217647955,12.777281069384438
-1.481724279506736,14.36784212691089
-3.348726078416332,7.552879298182186
-0.5872189884322018,10.390427516419873
-1.3141283913179043,10.398682214604548
4.354564257669895,6.214396391505877
0.5290655175383407,7.82189481352492
-5.22415688787599,10.185182156651118
2.808865081535983,8.702454162979633
1.2953555703259898,10.34009947738781
0.015590215928129238,10.908174688199287
-2.1397887256174473,5.101178298753121
0.5675218144689534,10.614633596844964
3.8775365179936925,9.006053125329908
4.3433877447777824,5.920285619537328
-2.5045856089405465,5.721849231554588
-3.914981599865089,10.592916802666867
1.2847562105598946,8.028138019327972
-0.508287244969633,10.425705617492117
0.8335243043815685,16.164630650942744
-1.400759106902656,10.300157559143592
-0.18484344736796623,9.192541639248747
5.968514288613637,5.499549959021875
2.6719628609252233,13.247336354993017
-4.412501450685357,7.70699700255453
-5.825560429760058,12.696850790286629
1.128741957352274,13.026884947720674
0.7931901605981726,10.028020488667963
3.5212128939216503,10.074634954152408
1.7971744838501762,6.253181110317032
4.963992145733025,10.48487043068413
1.7000263445982977,12.937650037461292
0.30265947510175134,14.23930175569496
1.5790510163318072,12.899678060742227
1.8365841310138677,7.807169021683606
1.2573315816685344,10.749991785298212
-2.827648386589277,6.298672379533868
-1.0670906445309545,11.539232900558181
-6.337568679999985,6.067848097568694
-2.2237221195452928,8.87355548742515
0.825609062081288,9.447140985171822
5.577089252685553,10.92232477537919
2.337298484434281,12.604347346478502
2.732707238047399,7.090462623448521
-5.041125486966681,13.73589401882331
-4.040443347611835,9.2183862562276
5.207563903451552,15.899019534385637
-0.8800664691584523,6.209931960503718
-0.6249306706432278,13.257140314619448
1.7187675941938287,8.205350295629914
-0.989331259037178,9.757700247045994
0.06324256316556473,7.857781330667898
3.266426183458333,11.392109564140757
2.1296514272283935,6.874292429567003
-0.15157508169169526,9.638000874709217
0.876690322837088,7.63630557145377
1.0791552183372626,8.217768622096349
2.391723691510493,6.318098951916256
0.7573716039207612,5.636251953948772
2.7016116990255687,9.646637696173805
2.0687111131689386,16.147440343627665
-2.4166938362663526,12.494974731912952
0.2221750589304229,11.161664337681403
-1.9371866872735333,8.025576964585463
0.8146803590616056,12.135256433374726
-2.035359388331743,8.987370986263988
-1.6849033768705959,4.142859417956878
-1.6140074914940012,12.399030890474224
-0.5110920309387872,11.41416328975511
-0.8401805213173117,9.817987919247026
-3.611928804235111,7.117806883549118
2.3780126908536907,7.723547557006183
0.49559896220024735,10.498141654690714
4.989346547719149,8.482779759320003
1.44537330524457,12.538674413523005
0.08957448502103775,14.217207105043311
4.667727200748179,8.101624072050466
4.963829673634654,10.9950283929124
3.0135982782850186,8.22162272139348
3.4386559194935686,8.58649119888178
-2.670303043404415,11.659840749724285
1.6014546039421527,7.4529110827754845
2.3153588692670097,6.146868638159265
-1.9479636317905276,11.539731781747433
7.038100366133369,7.699772323008895
-0.9813626583975896,13.113499816939598
-0.0076437029923768635,9.224796519711937
-0.4848114416310893,11.32610117737391
0.9870642857095372,11.2573900666625
-1.3829002701256345,11.796143812040441
-2.4314990321452346,12.71214606732175
-2.678513315668072,12.566924445751884
5.95074901209235,6.853611964498599
-2.9997702640360653,12.279870065128776
-4.455777367603072,9.572182080456836
-1.611466210330116,8.82141209287667
3.523455534186445,12.42396965354071
-0.6615048470420436,7.705224289199098
-3.112980635060411,11.019929163023626
-2.2162547283398215,7.481136989249352
-0.8509376632595238,11.301944751093206
-2.001264072158528,8.708935052845016
-0.5137049697063902,14.98031231283298
-4.631817754620741,9.878291471635608
-0.7088993158319861,7.494491622470486
-2.13091607551754,10.73978398830594
0.4710022804256888,13.092031681017009
4.405300507728445,4.189738735273086
-7.090678869287822,6.064972458145388
4.2023810336278595,10.94558317184745
-0.904372857794699,7.564094048691532
-1.829571090751276,9.515967583790763
2.6812395649046987,16.18294179950658
3.3726910182108245,8.54023277362667
1.4048854421526764,5.36891290322274
-0.24459658721959748,12.262404644371417
1.7268263497803287,16.863798260834134
-8.824049850223005,13.549233653627072
0.22715261329857594,12.382344194810926
-4.865490149271293,13.14215927456188
2.327851726223764,11.448328693463237
-2.1085649559166644,9.164186209560262
-1.4602430031937077,12.998944668474497
1.1740183973874356,9.804828188484862
-0.3643034349972887,6.692708359703399
-0.5631124216937916,5.397612908581826
1.9023174857300829,11.483690748057375
4.219851078292236,6.861932296953083
-0.10981080401226768,12.430100836146845
-9.544588910909388,12.538793431537513
0.1277831808531174,9.712051946291409
2.9224159938163963,8.328831420166775
2.9680910466825785,12.747257763753538
0.9034628109360838,14.304755123943984
-6.463972272513253,9.915974650918308
1.6798595391130764,4.713230651434824
1.835334858638073,9.621302558381212
0.32830126193308573,14.020152066265066
3.464039981608485,13.074712433878801
0.27051017279004663,8.753292319048688
-2.65281646679266,12.919412713785952
-1.5358467155965196,11.060483800383798
7.016068751684601,15.112627461540342
5.731966499728092,8.088785803250191
0.00020000737333011003,7.688382138449672
-3.2476557112927056,10.653391821749931
5.334259654628951,10.58703044473683
-3.5096168705138355,11.26288476972352
-1.75738741079227,7.488921848467438
3.7994605688295087,9.929973644620501
0.26315861203851476,8.62173645703002
-1.9202645963480887,4.8546165446227825
2.9836945385101257,11.029409269537071
-0.16597303684431616,8.5072968679134
-1.017723104045696,8.811627808800527
1.1719350687362486,9.567780707036263
-0.03602311356771909,8.936957177713257
0.44848639377455074,12.62511594614352
-5.376141674786767,14.006637383074487
1.228172837399287,17.183020994870837
1.075382771921177,9.931516165329136
-0.5260350660555289,7.958509437604917
2.403907189413313,13.026907380567247
1.9510075324583707,9.411771698364934
-0.1905375928368059,8.488748278865845
5.640391575486526,7.938496651718502
0.1640055961465848,10.257360862843957
1.8183292849528796,11.72504855802061
2.8692304470676,10.315972792747864
5.083785210965685,6.928400414949406
4.610661885415113,9.821209740671613
-3.9747195194171763,13.491201200427808
2.3857436627479993,4.898565708737042
2.1409377573803354,7.1449801347264135
-5.131459353336696,11.426585127928075
-1.097225302779242,12.651931737509575
2.7114763281068752,13.063490520429959
2.3804942516052,9.000522352665683
3.49070009199437,10.264817023810261
0.38521679312905077,11.093796089755575
-0.14561109332566424,7.958636267152433
-1.1680814203024144,9.771798057917747
5.360970519612738,8.866732327439294
3.341972476407647,14.317025007342979
4.777172692568364,12.591956915288076
-0.044326158409145694,11.608906971349725
2.2591950129363663,10.188252760091082
-1.330847622678326,4.648283964040566
-1.4316780703458107,9.702177654679861
-1.8096569593858218,8.380224684491749
6.307466416905988,8.411907292696903
0.2877651544977511,6.223036190193001
3.506083063131638,12.97774554565373
1.3285598887719536,15.267604212214568
-4.105470147012397,12.31353678273186
-3.5719096401482333,14.345302753432499
4.0681988101928885,11.210442819682967
3.530908065658645,13.072003572528061
0.3856730847522202,11.381468440148318
-2.20714378555415,13.777137165819113
-5.150627184658919,9.406472004541083
3.554927945106866,14.271862200065161
1.9428174167684606,10.311236852333439
-2.185402918184053,7.762026986728276
4.563941024362343,7.1890112751502855
0.0024300190646973823,7.82036252576469
-1.212289729521535,8.441768563948267
1.46876910120223,9.584363478577986
4.017336957059865,9.055817876072775
4.610814452532784,8.327782945933052
0.5533744708220691,8.345398789098413
-6.876143238206109,8.491595135774794
0.2776057559413179,8.56050486140205
-6.057488505082944,11.249483900823959
1.692729111516568,10.46549893686463
0.3489913132495828,5.765937966052825
0.7368265222511599,8.572186684389788
-7.3357833142106,6.0220273947148
0.7828162305637044,12.244605153637101
-3.5192660807453775,13.032383705450535
-7.521203331380937,12.730091033358327
4.198843773146755,11.068877732018343
6.461326393275744,11.567419931249015
3.2127411014183647,9.237154677237836
-0.15910257947215622,10.98079467123641
0.3702602826707859,8.165538888697279
-3.2128291916713803,14.63298287887427
2.982864107636197,7.824375346863583
-0.3687857383344065,12.2917232569863
-1.4171022323593117,12.372826683866064
0.383107028443913,14.476854043368256
-6.298832022809563,5.328320730839735
3.3830882936563444,7.830096865943061
0.4651327292825148,4.927228283216803
-0.6085521019399138,10.754793203992884
-0.9404122922957046,12.246802370626218
1.0064159280718517,3.1300979497848367
3.7243758223505936,4.248594610035096
-4.564329533838153,6.604292865186797
3.946850509948294,11.108899209833822
-2.188065493143055,12.11821516903117
-0.6076294266710193,11.859440934438968
0.742751848300077,7.211527771548392
9.979868312295025,11.206165607091314
-2.220692831329466,5.03717332233646
-6.19119012367031,7.380688210357182
-5.341103225785984,11.165509107687495
2.607437015405578,7.076572379721988
0.776313589226693,7.497833979320145
-1.164641334990403,8.03413611979233
-5.9965378938985605,12.797983103656225
2.2130364531140385,9.086099418457204
-0.8678153309872982,9.581703475744606
-5.101339013382976,12.629400363738327
3.0739350288596103,12.3411102851844
2.704717234442131,12.971369905884746
-4.243671122511859,8.43873230838522
-2.484148590863575,13.801844308061153
-2.859677499073252,11.33716430119724
-1.022936269300454,5.725599284051052
-3.9092305145891193,9.54990428937375
4.108447864727349,10.730399260443521
2.4485408026625928,13.652984627821326
-3.0792214873645136,10.986810661946162
-5.941766092659711,10.380926636273712
0.9013090954237031,5.788232901700793
-2.620838662366687,7.762431330999441
-4.927239041554207,7.655645985035946
6.7239551595137925,12.091195000992835
0.0892424494313007,9.810313031445387
0.40440925175818465,6.492398546071595
-3.491685702593337,9.73497944090865
-3.6865543557654377,5.082947887456292
1.7516647775786613,6.538498971695693
3.7955079827619347,7.445150385898638
1.4311996957260753,8.51351831911302
1.120061814835835,9.82791898937266
-0.09068945746667856,9.514141155780862
-0.8344402085326843,12.055474649646866
-5.5857616751080075,8.605162829360808
-1.8746842867730957,14.722183438648859
-4.920744266026711,9.107678696933597
-2.7199180135437997,10.57190483472278
-0.4509448266892969,7.793851739826027
-3.006473109119442,8.585060431922159
-0.5629065285700157,1.1817955103411748
-0.31560382054232206,12.13373278644275
-4.186350809862958,11.098244616259173
3.506998687774789,10.547882859992228
2.711610419012021,16.574948337603544
5.166715355474764,8.660701891526516
-1.0790261398647167,6.722978473599989
-4.4462967042227834,8.63072777452718
-0.831940350604144,13.374810007374432
0.013129559454969776,14.010186549537666
-1.1212325417967544,10.072142427806579
1.5059393109443977,8.088222436369637
-2.9270564587182903,9.845799632904813
1.8194887302049052,6.321129578518426
3.6684510425076953,8.961682720845396
-0.49191923386011815,5.771405410578442
1.207332535385531,8.37649556928207
3.473768643140071,7.530309773972331
2.4600520750760295,9.24747618809411
2.3893440030318627,12.048849004723122
0.9043791924434436,8.202177558791261
-4.287691028714244,11.671151481310101
-2.3889655659849836,10.66942718429834
-0.9249890470443545,12.112176720554986
2.822519246347242,12.961081620578945
1.7798627275650067,7.5467044792353155
3.082476644794956,7.268895772631776
-2.01756471155223,12.48857918019986
1.4206302450967812,5.734216382513172
1.3943666880364671,11.26428243741591
-0.3153152528888984,7.401340460119018
0.2729993073695725,7.260950285753138
2.5558719350504635,2.0109620560871306
-2.0689981910390207,13.464721952932463
-0.6590938883477563,6.860637705629804
1.6815788534201497,9.086015950276936
-1.1001367363163919,10.566397657285973
-3.9914456398141978,9.785120838671652
1.6263558040390693,11.405839526453704
-3.803459103930555,8.100059291811355
1.7851475141532687,11.076213865844041
-5.534173428966621,9.15405898845605
2.1142383732904926,11.85743791980529
-3.0770571628154304,13.078740141991357
-1.1660839905056506,9.089589033905558
2.3427981596866676,10.395179774813291
5.281023869385857,7.7899577536821845
1.7946742508396756,10.011064404106364
0.0812898877931779,8.930282779865106
2.9816453715328377,9.672796805271455
-1.6124421595926588,10.61087885825528
0.4937566022688038,4.074377692328778
0.9441007959889678,11.083653941446197
1.3798465277574543,11.521795430165712
3.0909011135311046,12.584737071552997
1.0291605129897845,7.265771050493775
-0.9896392572534234,14.69888486502972
-4.678220837860641,5.810549897817134
-2.7032313109546418,8.250002421617467
-2.8002940342699523,8.53411304717334
2.7066368589386376,9.284140901017254
4.356300523224499,7.637803067334158
-4.3643781702116495,8.069290587342323
-3.836821712830681,7.787822454442651
-4.368665633554571,7.595850686794699
5.107804534138262,13.40800762078328
-2.896697831804149,12.237521508798258
-2.4128079555730424,12.579592150574358
-1.0959404771155437,11.99314726988682
-6.857546497081215,8.805202059701005
3.7269321336640022,9.33887011296485
2.4990371763205736,9.67115712341339
-2.735017403905693,8.259225278767978
-1.2492841262092995,11.02456333739045
-3.367521507627232,14.851377473203726
4.608608519214721,6.500456892467619
0.3056300424514569,9.109758343066138
6.332010892991862,15.041522058395852
-1.9411115987300112,10.921958526001847
4.7000851807354165,7.921662837882607
1.9517109183868289,6.643665876464137
-0.7534231045526214,13.094722350403577
-1.4570819791512923,6.529793974292494
-4.636970022267534,10.327130079966455
-1.098641929749528,13.542672718565614
0.8287998319738537,7.599682154919366
-3.1106456181107163,9.91706645257621
-2.2418726204202013,2.6119569604730586
1.742011978938868,2.7025524852906635
-4.273937675700782,11.435384299285548
0.7470779716860572,10.499914745194102
2.966059703073589,10.586297145648793
0.14635819779748427,15.647619734502424
-2.3347203395334133,9.289300439629908
0.8737142532436667,8.110909733177325
-2.583498446765611,11.809000509271684
4.171233483560236,13.513522523572671
3.4562308808814253,7.476790172636875
-4.302964520426303,7.782010629259492
-2.3182933735724207,8.955783421582222
1.9028797012483847,14.181446526149877
0.4368664725102327,6.4938370954169145
-2.40704121034975,7.502611191456563
-1.9765793165922672,6.2745001063068
1.0602912474572657,8.919972155120622
-2.1651739939380654,7.969094383993394
-2.3768891760241115,9.31501887538766
2.2736489832744695,10.83422298605776
-7.307390201976826,7.623291734411508
2.9750096718122014,7.613817780527367
1.2328623554866014,8.37111446015349
-2.51771681285152,11.264888252623642
1.4472744653367604,10.964063335755878
-1.2208904626436698,8.90968871294284
-5.966874292005816,10.230028908723813
3.5272309253914695,16.107152316754746
-4.040866766939566,5.388078225413048
-6.818675020984461,5.041656417259156
-3.621171224108366,7.381828531779833
-1.8888014708484888,9.393144957145516
1.413611483376236,13.557716857793784
-0.4716295436454605,8.834332614974645
0.5177470052330319,8.974494331262994
2.1381585801842515,12.184902932257103
2.2255911063833325,4.3496903355716645
-3.75808506560701,12.61381745401065
4.388957634273856,13.973883019945754
0.580823896850719,4.151979451778862
0.31965648540731806,8.98101573156553
0.6952188360521289,12.259649149505764
-2.072721801888706,6.341657558856151
-1.0819934206595374,10.105170917731067
1.5291637850855755,12.046092389122514
-1.118661833915729,10.75084879967329
2.4362932115813454,11.27463930445205
2.443004349580824,10.787102272692117
-3.8252472438831084,13.99609364736584
1.1093572022628924,7.667077644377988
4.1205160482399386,11.40457112035927
2.4381382748983986,12.530016802514805
2.1670536845742605,13.610937013233432
2.574308842090483,12.22446426454119
-4.524347074053266,12.456247984721454
-1.2036867372742452,11.455511444170021
-1.6364247560398475,9.891152074603404
-3.1241211074379245,9.218136451454754
-5.4727538180159625,6.710674858021447
-5.614988980059583,9.564218016510667
-2.107934894174934,14.472010631970111
1.8528070410149349,8.624893434842118
-0.2758932961440619,4.387625053367712
3.3476123666918225,8.532188794247903
0.578655552915148,10.336997311346316
-1.3407049220725415,11.384540294048165
-0.5351169504876923,8.769385881528283
-0.817954657123118,10.488552101388432
-4.1277300126884455,7.785355321437985
3.9710175117571866,10.989008979916363
-2.7234307228968713,8.804000641568042
6.964528555569435,12.598210151156671
0.7262908143264505,13.994827522359918
3.5228613795225443,8.329921768728486
1.502531966000567,12.610209010706797
1.0887383674479034,10.303589331449151
1.184641868815178,7.779161036388059
-0.30914596673545053,7.960529193400879
-0.37024826064891814,4.864562853909029
3.9359412266989175,10.555100675582455
-2.4595890713555004,9.567203963458873
1.6048708159138552,7.021476232338148
0.10802369204102252,7.233117713542407
4.014047508060628,12.816157422997218
1.1907975456538993,10.036594946866344
3.898523582809281,9.87066809148632
-0.7650427035926408,5.188725928773405
-4.624501186032658,10.415070724855006
-1.9449906046930359,8.046069923897125
-1.556562096165103,13.335801210846617
-0.8780090845255424,9.5050994854689
4.985154782463561,16.06379727104057
7.228047193436598,9.019251437586105
-1.277306813595526,10.977496472680333
7.03335630251487,13.649526691335506
-0.32160905182370864,9.825664929063558
4.207596008311593,13.038546312325138
-0.4816327789071796,10.056193812113813
-3.004241374787453,9.768613205558584
-6.349967442582903,17.507909111630376
-3.4204374405710625,11.088743333467216
-0.04510491429674355,5.694947266037342
0.04196463469308574,13.737979176438124
-5.449092601470483,8.51507955005187
-4.650831533463197,9.49396769394246
2.815220559560614,10.064882518068105
-1.4795398604075138,9.168516059895436
-6.580917696806971,13.305558598118779
2.1579519413698445,13.850314896233026
5.123411371762313,15.774505690119105
0.4918822430940816,10.088018268251703
4.48824052372988,7.23782856546093
-2.075902935845807,5.490870589941955
4.351788698246613,3.3996916855570207
-1.2570046914346578,9.879177703642917
-7.622059629906668,12.330684936135581
1.7476301127456584,9.855150497103383
-2.071331150867337,14.823130406703283
-0.6805269493039111,14.136735029876931
-0.5907669319119828,9.760980738258743
-0.5349317216229001,9.252433823674401
1.5075668725431073,7.862096852358219
-0.6392051327272059,11.403037684361209
-0.6596717389537672,10.267915763240554
-1.3809163919471377,9.098224629644113
-0.7571125989969592,9.091677417925538
-0.14163810683472805,4.944532225974307
1.0793332902087456,8.968814844698036
-2.2190419526398344,14.2452006124686
1.5963751385376546,6.761559776421096
-0.6109974108526268,10.775285093134858
0.344286751709447,16.756886238701085
1.1089385196855737,8.808901228517282
-2.7844796471480002,11.258732719411864
0.20567610257151167,10.607822728562471
-5.969127179997888,11.029219194653493
2.3677330439984114,9.661172052845966
1.9716570548101204,9.937518151928751
-0.6306360686733402,6.829832064333841
0.40362357241621066,11.278181508013837
0.6680722661140321,11.581172867449492
1.9413910221858552,14.89316193235494
-1.8721032567375167,8.886700663442708
-4.469728716910196,6.5629614394977285
-1.4042530527298283,13.574012751722888
2.725912766943857,7.612417395217228
3.3948866810606058,9.085886700223064
-4.439344805185718,7.974986235181756
2.5540839057342866,9.067151215831835
0.48166240676383587,8.978350460208109
-2.2176354666778004,9.194293626080928
2.865095306951462,8.655629098591879
1.6957355401758993,11.262134264354424
0.31383175476208536,11.144531654320192
-2.1648272188953532,9.207139886702086
0.10985405143832874,8.379428724462139
3.5658117405136887,7.654335395795169
-0.31987539942195087,10.345413533190305
0.5869586825753976,1.448223649351064
2.523700694738049,3.120225508935315
0.14658033036433296,8.76893843549357
-1.308798999044078,3.9507149759228906
-0.19575159298113765,3.677083705270256
0.5187458657455944,7.526692550144153
2.509194431050768,8.619622205470701
1.4672420208444445,8.46933656628157
-0.5786416954194296,8.294645371013601
-6.128752484514349,13.373412175548093
0.4446463227685372,14.572811723382745
-2.625943643350739,7.6297382550122395
-2.202914844468526,8.26762911387617
-2.7492198573272253,9.531356886593457
-4.832180358892766,4.994112820686679
-1.1616572077756173,11.288321334108497
-4.611459096274493,7.629754499753773
-4.0324304254765195,6.958721387319667
2.8191776831552127,10.974714282641514
2.8028158532778544,10.573072739324731
2.4815929047859067,11.07278076570964
1.8490030008898,12.976323304192562
-2.7856678892913767,13.411279694023778
-2.089689794091123,8.319420237009084
-1.5661404850018426,11.074132966513043
-0.09333609383607276,10.995078051934764
-1.376456317148706,10.819450313389503
4.763876394089612,7.4803420303327055
1.3182879442222966,10.046462689591893
4.282496481707328,8.560361502413652
-5.642188575304656,8.457628199285065
-5.11237709654187,12.369322907955013
4.494053327272736,12.11285395046302
-4.922127599562983,8.518346021648775
-0.3282361265262752,1.3588064748527078
0.07976304366347356,10.323479440540599
-1.4667836259876117,0.6276903025988858
2.7334082699361932,6.957208293520832
3.619310551225791,9.192006948073331
-2.8837502414495333,7.3784791796932705
5.3077359204929895,8.120160215656377
-0.6891314837216862,13.246924981079776
-1.4774496587654564,8.292872644045458
-1.0646249206011433,10.040695291810547
-0.15763444465049314,7.835842910692168
-11.872439674528318,12.280391733023297
0.5380812805946792,6.7767788384906
-0.5036834846778871,7.091837836869781
1.7675003849566717,8.442893036356613
-2.5310133144236326,5.15119295686298
-2.9409650171507202,11.746247222794409
-2.8268884672201566,9.34339388469162
0.5671579516815407,7.631504621761623
-1.2274960932499526,14.127204348039012
-5.532330741755328,9.503862701001504
0.44880986944166135,10.426406418522541
0.6778927822742109,7.346597893486781
-0.029057361555145756,11.653702489930577
0.21473148888426624,6.651732203530882
1.69691441275249,8.975306288356474
-0.004295818400636281,12.684193098791935
-2.2577403110070278,7.359038287689973
-2.081922765074447,13.072644238266463
2.9409574438438133,11.331473339100107
-0.042642695564881414,11.746667377520655
0.42190815318786135,7.535035654501063
2.6319559612608505,15.330389769973216
-1.7941436093661798,12.1682565738034
-5.72535850927841,13.731918789958765
4.158164897353733,11.458275568815509
-2.4169375651782166,9.025820218198485
-1.0229800514237009,14.857377829672211
-2.974280670592114,5.420772352410305
1.15859671591905,5.939737439117314
5.141491515558844,6.250435045573811
2.3033914050960265,8.49550837301308
-2.353692754033058,13.21543201524468
2.3936803282651113,12.375756672643792
-6.961118211146312,11.834975098805256
2.1267172356044957,12.285132748832446
-7.852927842472822,11.188027434874764
0.8288485866880502,10.157602904752451
0.0969973065821885,15.97035747233236
3.663191050506555,11.86720120859225
-2.0892798394482113,10.590718496252174
-0.745695301582861,12.58096447407435
0.17430963187674153,9.794169185209157
0.3386450246879822,6.108843769078311
3.995656608708356,9.743781635733265
1.245571017836258,10.471021801076866
4.3425947619262795,9.279752980789816
-4.2033517570684324,11.51952267895472
8.82965083022078,9.623497372011721
5.9795623741199035,11.585137664546584
-4.276411476575104,9.89103799075755
1.6339193688741047,12.583066369396102
1.6323533682310045,8.918581465643566
-0.49431172762930653,8.484542327467594
1.7380997303303818,1.0908524824629922
0.99629229571022,12.886643725751254
-2.1636115112416037,12.98717271526831
1.7471650909427578,11.837280006231643
-4.127597648185245,12.853849642124214
4.081782596760773,8.144290609182288
2.930980355753883,10.389033740031634
-7.007113531357262,9.647854230388026
-3.468615935237943,7.8472769254960655
